#L    PhotonEnergy [eV]  XCOM:Rayleigh(coherent)[cm^/g]  XCOM:Compton(incoherent)[cm^/g]  XCOM:PhotoElectric[cm^/g]  XCOM:PairProduction(NuclearField)[cm^/g]  XCOM:PairProduction(ElectronField)[cm^/g]  XCOM:TotalCrossSection[cm^/g]  XCOM:TotalCrossSection-Coh[cm^/g]
0    0.    0.    0.    0.    0.    0.    0.
1000 1.11903 0.0157591 2618.47 0 0 2619.61 2618.49 
2000 0.890708 0.0482084 379.097 0 0 380.036 379.146 
3000 0.674873 0.0790429 118.044 0 0 118.798 118.123 
4000 0.514532 0.102824 49.9433 0 0 50.5606 50.046 
5000 0.403031 0.119992 25.3612 0 0 25.8842 25.4812 
6000 0.32563 0.132368 14.4881 0 0 14.9461 14.6205 
7000 0.270412 0.141555 8.9866 0 0 9.39857 9.12815 
8000 0.229688 0.148626 5.92488 0 0 6.30319 6.0735 
9000 0.1987 0.154271 4.09401 0 0 4.44698 4.24828 
10000 0.174339 0.158914 2.93474 0 0 3.26799 3.09366 
11000 0.154705 0.162819 2.17038 0 0 2.4879 2.3332 
12000 0.138501 0.166146 1.64655 0 0 1.9512 1.81269 
13000 0.12486 0.169011 1.27554 0 0 1.56942 1.44456 
14000 0.11321 0.171495 1.00625 0 0 1.29095 1.17774 
15000 0.103134 0.173667 0.806107 0 0 1.08291 0.979774 
16000 0.0943561 0.175569 0.655266 0 0 0.925191 0.830836 
17000 0.0866341 0.177238 0.539026 0 0 0.802898 0.716265 
18000 0.0798025 0.178696 0.448169 0 0 0.706668 0.626864 
19000 0.0737236 0.179963 0.376158 0 0 0.629845 0.556121 
20000 0.0682972 0.181056 0.318593 0 0 0.567946 0.499649 
21000 0.063428 0.181993 0.271972 0 0 0.517393 0.453965 
22000 0.0590423 0.182792 0.233808 0 0 0.475642 0.4166 
23000 0.0550757 0.183469 0.202223 0 0 0.440768 0.385692 
24000 0.0514961 0.184034 0.176111 0 0 0.411641 0.360145 
25000 0.0482427 0.184504 0.154178 0 0 0.386925 0.338682 
26000 0.0452798 0.184887 0.135651 0 0 0.365818 0.320538 
27000 0.042575 0.185193 0.119905 0 0 0.347672 0.305098 
28000 0.0400996 0.185429 0.10644 0 0 0.331969 0.291869 
29000 0.0378283 0.185604 0.0948581 0 0 0.31829 0.280462 
30000 0.0357498 0.18572 0.0849257 0 0 0.306396 0.270646 
31000 0.0338326 0.185787 0.0762784 0 0 0.295898 0.262065 
32000 0.032058 0.18581 0.0687003 0 0 0.286568 0.25451 
33000 0.0304258 0.185789 0.0621257 0 0 0.27834 0.247914 
34000 0.0289087 0.185732 0.0563122 0 0 0.270953 0.242045 
35000 0.0275038 0.185642 0.0512022 0 0 0.264348 0.236844 
36000 0.026195 0.185522 0.0466609 0 0 0.258378 0.232183 
37000 0.024981 0.185374 0.0426523 0 0 0.253007 0.228026 
38000 0.0238427 0.185203 0.0390482 0 0 0.248094 0.224251 
39000 0.0227864 0.185008 0.0358608 0 0 0.243655 0.220869 
40000 0.0217965 0.184793 0.0329948 0 0 0.239585 0.217788 
41000 0.0208666 0.184561 0.0304063 0 0 0.235834 0.214968 
42000 0.0199964 0.184312 0.0280828 0 0 0.232391 0.212395 
43000 0.0191817 0.184047 0.0259943 0 0 0.229223 0.210041 
44000 0.0184141 0.183769 0.0240979 0 0 0.226281 0.207867 
45000 0.0176905 0.183479 0.0223738 0 0 0.223543 0.205853 
46000 0.017008 0.183178 0.0208045 0 0 0.220991 0.203983 
47000 0.0163637 0.182867 0.019374 0 0 0.218605 0.202241 
48000 0.0157554 0.182546 0.0180694 0 0 0.216371 0.200616 
49000 0.0151818 0.182217 0.016882 0 0 0.214281 0.199099 
50000 0.0146386 0.18188 0.0157931 0 0 0.212312 0.197674 
51000 0.0141236 0.181537 0.014793 0 0 0.210454 0.19633 
52000 0.013635 0.181188 0.0138731 0 0 0.208696 0.195061 
53000 0.0131709 0.180833 0.0130256 0 0 0.20703 0.193859 
54000 0.0127299 0.180474 0.0122437 0 0 0.205447 0.192718 
55000 0.0123103 0.18011 0.0115211 0 0 0.203942 0.191632 
56000 0.0119113 0.179743 0.0108541 0 0 0.202508 0.190597 
57000 0.0115322 0.179372 0.0102386 0 0 0.201143 0.189611 
58000 0.0111707 0.178999 0.00966758 0 0 0.199837 0.188666 
59000 0.0108257 0.178623 0.00913696 0 0 0.198585 0.18776 
60000 0.0104961 0.178245 0.00864304 0 0 0.197384 0.186888 
61000 0.0101808 0.177865 0.00818247 0 0 0.196228 0.186048 
62000 0.0098789 0.177484 0.0077523 0 0 0.195115 0.185236 
63000 0.00958957 0.177102 0.00734988 0 0 0.194041 0.184452 
64000 0.00931436 0.176718 0.0069778 0 0 0.19301 0.183696 
65000 0.00905105 0.176334 0.00663051 0 0 0.192015 0.182964 
66000 0.008798 0.175949 0.00630403 0 0 0.191051 0.182253 
67000 0.00855453 0.175563 0.00599667 0 0 0.190115 0.18156 
68000 0.00832014 0.175178 0.00570702 0 0 0.189205 0.180885 
69000 0.00809788 0.174792 0.00544042 0 0 0.18833 0.180232 
70000 0.00788343 0.174406 0.00518814 0 0 0.187478 0.179594 
71000 0.0076763 0.17402 0.00494908 0 0 0.186646 0.178969 
72000 0.0074768 0.173635 0.0047236 0 0 0.185835 0.178358 
73000 0.00728698 0.17325 0.00451486 0 0 0.185051 0.177765 
74000 0.00710306 0.172865 0.00431603 0 0 0.184284 0.177181 
75000 0.0069247 0.172481 0.00412645 0 0 0.183532 0.176607 
76000 0.00675501 0.172097 0.00395094 0 0 0.182803 0.176048 
77000 0.00659084 0.171715 0.00378408 0 0 0.18209 0.175499 
78000 0.00643113 0.171333 0.00362421 0 0 0.181388 0.174957 
79000 0.00627887 0.170952 0.00347571 0 0 0.180706 0.174427 
80000 0.00613144 0.170571 0.00333432 0 0 0.180037 0.173906 
81000 0.00598759 0.170192 0.00319822 0 0 0.179378 0.17339 
82000 0.00585101 0.169814 0.00307257 0 0 0.178738 0.172887 
83000 0.0057178 0.169437 0.00295159 0 0 0.178107 0.172389 
84000 0.00558848 0.169061 0.002836 0 0 0.177486 0.171897 
85000 0.00546499 0.168687 0.00272829 0 0 0.17688 0.171415 
86000 0.00534386 0.168314 0.00262372 0 0 0.176281 0.170937 
87000 0.00522792 0.167942 0.00252593 0 0 0.175696 0.170468 
88000 0.00511525 0.167571 0.00243228 0 0 0.175119 0.170004 
89000 0.00500552 0.167202 0.00234234 0 0 0.17455 0.169544 
90000 0.00490056 0.166835 0.00225829 0 0 0.173994 0.169093 
91000 0.00479709 0.166468 0.00217605 0 0 0.173441 0.168644 
92000 0.00469877 0.166104 0.00209996 0 0 0.172903 0.168204 
93000 0.004602 0.16574 0.00202568 0 0 0.172368 0.167766 
94000 0.00450896 0.165379 0.0019557 0 0 0.171844 0.167335 
95000 0.00441832 0.165019 0.00188843 0 0 0.171326 0.166908 
96000 0.00433028 0.164661 0.00182406 0 0 0.170815 0.166485 
97000 0.00424524 0.164304 0.00176297 0 0 0.170312 0.166067 
98000 0.00416193 0.163949 0.00170378 0 0 0.169814 0.165653 
99000 0.00408199 0.163595 0.00164815 0 0 0.169326 0.165244 
100000 0.00400318 0.163243 0.0015937 0 0 0.16884 0.164837 
101000 0.00392791 0.162894 0.00154289 0 0 0.168364 0.164436 
102000 0.00385337 0.162545 0.00149283 0 0 0.167891 0.164037 
103000 0.00378229 0.162198 0.00144624 0 0 0.167427 0.163645 
104000 0.00371173 0.161852 0.00140016 0 0 0.166965 0.163253 
105000 0.00364453 0.16151 0.00135734 0 0 0.166512 0.162867 
106000 0.00357782 0.161168 0.00131498 0 0 0.16606 0.162482 
107000 0.00351415 0.160828 0.00127548 0 0 0.165618 0.162104 
108000 0.00345106 0.160489 0.00123653 0 0 0.165177 0.161726 
109000 0.00339056 0.160153 0.00119995 0 0 0.164743 0.161353 
110000 0.00333087 0.159818 0.00116411 0 0 0.164313 0.160982 
111000 0.00327329 0.159485 0.00113014 0 0 0.163888 0.160615 
112000 0.00321685 0.159153 0.00109719 0 0 0.163467 0.16025 
113000 0.00316192 0.158823 0.00106552 0 0 0.16305 0.159889 
114000 0.00310855 0.158495 0.00103521 0 0 0.162639 0.15953 
115000 0.00305602 0.158168 0.0010056 0 0 0.162229 0.159173 
116000 0.00300555 0.157843 0.000977723 0 0 0.161827 0.158821 
117000 0.0029552 0.157519 0.000949945 0 0 0.161424 0.158469 
118000 0.00290749 0.157199 0.000924304 0 0 0.16103 0.158123 
119000 0.00285978 0.156878 0.000898662 0 0 0.160636 0.157777 
120000 0.00281402 0.15656 0.000874574 0 0 0.160249 0.157435 
121000 0.00276888 0.156243 0.00085098 0 0 0.159863 0.157094 
122000 0.0027248 0.155928 0.000828197 0 0 0.159481 0.156756 
123000 0.00268214 0.155615 0.000806501 0 0 0.159103 0.156421 
124000 0.00263959 0.155302 0.000784892 0 0 0.158726 0.156087 
125000 0.00259927 0.154992 0.000764936 0 0 0.158357 0.155757 
126000 0.00255894 0.154683 0.000744981 0 0 0.157987 0.155428 
127000 0.00252 0.154376 0.000726025 0 0 0.157622 0.155102 
128000 0.00248187 0.154071 0.000707668 0 0 0.15726 0.154779 
129000 0.00244407 0.153766 0.000689538 0 0 0.1569 0.154456 
130000 0.00240802 0.153464 0.000672649 0 0 0.156545 0.154137 
131000 0.00237198 0.153163 0.00065576 0 0 0.156191 0.153819 
132000 0.00233719 0.152864 0.00063973 0 0 0.155841 0.153503 
133000 0.00230311 0.152566 0.000624192 0 0 0.155493 0.15319 
134000 0.00226916 0.152269 0.000608738 0 0 0.155146 0.152877 
135000 0.00223696 0.151975 0.000594449 0 0 0.154806 0.152569 
136000 0.00220476 0.151681 0.000580159 0 0 0.154466 0.152261 
137000 0.00217335 0.151389 0.000566382 0 0 0.154129 0.151956 
138000 0.00214291 0.1511 0.000553235 0 0 0.153796 0.151653 
139000 0.00211248 0.15081 0.000540088 0 0 0.153462 0.15135 
140000 0.00208334 0.150523 0.00052776 0 0 0.153134 0.151051 
141000 0.00205457 0.150237 0.000515665 0 0 0.152807 0.150753 
142000 0.00202589 0.149951 0.000503625 0 0 0.152481 0.150455 
143000 0.00199871 0.14967 0.0004925 0 0 0.152161 0.150162 
144000 0.00197153 0.149388 0.000481375 0 0 0.151841 0.149869 
145000 0.00194477 0.149107 0.000470499 0 0 0.151522 0.149577 
146000 0.00191907 0.148829 0.000460259 0 0 0.151208 0.149289 
147000 0.00189337 0.148551 0.000450019 0 0 0.150894 0.149001 
148000 0.00186832 0.148275 0.00044015 0 0 0.150583 0.148715 
149000 0.00184404 0.148001 0.000430731 0 0 0.150276 0.148432 
150000 0.00181976 0.147727 0.000421312 0 0 0.149968 0.148148 
151000 0.00179624 0.147455 0.00041232 0 0 0.149664 0.147867 
152000 0.00177329 0.147185 0.000403652 0 0 0.149362 0.147588 
153000 0.00175035 0.146915 0.000394985 0 0 0.14906 0.14731 
154000 0.0017282 0.146647 0.000386752 0 0 0.148762 0.147034 
155000 0.00170652 0.146381 0.000378779 0 0 0.148466 0.14676 
156000 0.00168484 0.146115 0.000370806 0 0 0.148171 0.146486 
157000 0.00166392 0.145851 0.000363233 0 0 0.147879 0.146215 
158000 0.00164344 0.145589 0.000355897 0 0 0.147589 0.145945 
159000 0.00162296 0.145327 0.000348561 0 0 0.147299 0.145676 
160000 0.00160312 0.145068 0.000341558 0 0 0.147012 0.145409 
161000 0.00158377 0.144809 0.000334808 0 0 0.146728 0.145144 
162000 0.00156442 0.144551 0.000328057 0 0 0.146444 0.144879 
163000 0.00154555 0.144295 0.00032155 0 0 0.146162 0.144616 
164000 0.00152726 0.144041 0.000315339 0 0 0.145883 0.144356 
165000 0.00150898 0.143787 0.000309128 0 0 0.145605 0.144096 
166000 0.00149097 0.143534 0.000303053 0 0 0.145328 0.143837 
167000 0.00147371 0.143283 0.00029734 0 0 0.145054 0.143581 
168000 0.00145644 0.143033 0.000291627 0 0 0.144781 0.143325 
169000 0.00143921 0.142783 0.000285928 0 0 0.144508 0.143069 
170000 0.00142289 0.142537 0.000280669 0 0 0.144241 0.142818 
171000 0.00140657 0.142291 0.00027541 0 0 0.143973 0.142566 
172000 0.00139025 0.142044 0.000270151 0 0 0.143705 0.142315 
173000 0.0013746 0.141801 0.0002652 0 0 0.143441 0.142066 
174000 0.00135919 0.141559 0.000260363 0 0 0.143179 0.141819 
175000 0.00134378 0.141317 0.000255526 0 0 0.142916 0.141572 
176000 0.00132868 0.141076 0.000250828 0 0 0.142656 0.141327 
177000 0.00131413 0.140838 0.000246376 0 0 0.142398 0.141084 
178000 0.00129957 0.140599 0.000241925 0 0 0.142141 0.140841 
179000 0.00128501 0.140361 0.000237473 0 0 0.141884 0.140599 
180000 0.0012712 0.140127 0.000233351 0 0 0.141631 0.14036 
181000 0.00125745 0.139892 0.000229254 0 0 0.141379 0.140121 
182000 0.0012437 0.139658 0.000225158 0 0 0.141127 0.139883 
183000 0.00123028 0.139425 0.0002212 0 0 0.140876 0.139646 
184000 0.00121729 0.139195 0.000217431 0 0 0.140629 0.139412 
185000 0.00120431 0.138964 0.000213662 0 0 0.140382 0.139178 
186000 0.00119132 0.138734 0.000209893 0 0 0.140135 0.138944 
187000 0.00117896 0.138507 0.000206381 0 0 0.139892 0.138713 
188000 0.0011667 0.13828 0.000202913 0 0 0.13965 0.138483 
189000 0.00115443 0.138054 0.000199445 0 0 0.139407 0.138253 
190000 0.00114232 0.137828 0.000196036 0 0 0.139166 0.138024 
191000 0.00113073 0.137605 0.000192843 0 0 0.138929 0.137798 
192000 0.00111915 0.137383 0.000189651 0 0 0.138691 0.137572 
193000 0.00110757 0.13716 0.000186459 0 0 0.138454 0.137346 
194000 0.00109631 0.136939 0.000183395 0 0 0.138219 0.137123 
195000 0.00108537 0.13672 0.000180458 0 0 0.137986 0.136901 
196000 0.00107444 0.136502 0.000177521 0 0 0.137754 0.136679 
197000 0.0010635 0.136283 0.000174584 0 0 0.137521 0.136458 
198000 0.001053 0.136067 0.000171816 0 0 0.137292 0.136239 
199000 0.00104268 0.135852 0.000169112 0 0 0.137064 0.136021 
200000 0.00103235 0.135637 0.000166408 0 0 0.136836 0.135804 
201000 0.00102202 0.135422 0.000163705 0 0 0.136608 0.135586 
202000 0.00101219 0.13521 0.000161188 0 0 0.136384 0.135372 
203000 0.00100244 0.134999 0.0001587 0 0 0.136161 0.135158 
204000 0.000992685 0.134788 0.000156212 0 0 0.135937 0.134944 
205000 0.000982934 0.134577 0.000153724 0 0 0.135714 0.134731 
206000 0.000973687 0.134369 0.00015142 0 0 0.135495 0.134521 
207000 0.000964476 0.134162 0.000149129 0 0 0.135276 0.134311 
208000 0.000955266 0.133955 0.000146839 0 0 0.135057 0.134101 
209000 0.000946055 0.133747 0.000144548 0 0 0.134838 0.133892 
210000 0.00093732 0.133543 0.000142426 0 0 0.134623 0.133686 
211000 0.000928624 0.13334 0.000140318 0 0 0.134409 0.13348 
212000 0.000919928 0.133136 0.00013821 0 0 0.134194 0.133274 
213000 0.000911232 0.132932 0.000136103 0 0 0.13398 0.133068 
214000 0.000902941 0.132732 0.000134134 0 0 0.133769 0.132866 
215000 0.00089473 0.132532 0.000132194 0 0 0.133559 0.132664 
216000 0.000886519 0.132332 0.000130254 0 0 0.133348 0.132462 
217000 0.000878308 0.132132 0.000128313 0 0 0.133138 0.13226 
218000 0.000870402 0.131934 0.000126476 0 0 0.132931 0.132061 
219000 0.000862649 0.131738 0.000124689 0 0 0.132725 0.131862 
220000 0.000854896 0.131541 0.000122903 0 0 0.132519 0.131664 
221000 0.000847143 0.131345 0.000121116 0 0 0.132313 0.131466 
222000 0.000839571 0.13115 0.00011939 0 0 0.132109 0.13127 
223000 0.000832251 0.130957 0.000117745 0 0 0.131908 0.131075 
224000 0.000824931 0.130765 0.000116101 0 0 0.131706 0.130881 
225000 0.000817612 0.130572 0.000114457 0 0 0.131504 0.130687 
226000 0.000810327 0.13038 0.000112824 0 0 0.131303 0.130493 
227000 0.000803415 0.130191 0.00011131 0 0 0.131106 0.130302 
228000 0.000796503 0.130001 0.000109796 0 0 0.130908 0.130111 
229000 0.000789591 0.129812 0.000108282 0 0 0.13071 0.129921 
230000 0.000782679 0.129623 0.000106768 0 0 0.130513 0.12973 
231000 0.000776025 0.129436 0.000105334 0 0 0.130318 0.129542 
232000 0.000769501 0.129251 0.000103941 0 0 0.130124 0.129355 
233000 0.000762976 0.129065 0.000102547 0 0 0.129931 0.129168 
234000 0.000756451 0.12888 0.000101153 0 0 0.129737 0.128981 
235000 0.000749986 0.128694 9.97775E-005 0 0 0.129544 0.128794 
236000 0.000743823 0.128512 9.84938E-005 0 0 0.129355 0.128611 
237000 0.000737661 0.12833 9.72101E-005 0 0 0.129165 0.128427 
238000 0.000731498 0.128148 9.59263E-005 0 0 0.128975 0.128244 
239000 0.000725335 0.127966 9.46426E-005 0 0 0.128786 0.12806 
240000 0.000719371 0.127786 9.34174E-005 0 0 0.128598 0.127879 
241000 0.000713555 0.127607 9.22357E-005 0 0 0.128413 0.127699 
242000 0.000707738 0.127428 9.1054E-005 0 0 0.128227 0.127519 
243000 0.000701922 0.127249 8.98724E-005 0 0 0.128041 0.127339 
244000 0.000696105 0.127071 8.86907E-005 0 0 0.127856 0.127159 
245000 0.000690578 0.126895 8.75921E-005 0 0 0.127673 0.126982 
246000 0.000685086 0.12672 8.65037E-005 0 0 0.127491 0.126806 
247000 0.000679593 0.126544 8.54153E-005 0 0 0.127309 0.12663 
248000 0.000674101 0.126369 8.43269E-005 0 0 0.127127 0.126453 
249000 0.000668645 0.126194 8.32486E-005 0 0 0.126946 0.126277 
250000 0.00066346 0.126022 8.22461E-005 0 0 0.126768 0.126104 
251000 0.000658274 0.12585 8.12437E-005 0 0 0.126589 0.125931 
252000 0.000653088 0.125678 8.02412E-005 0 0 0.126411 0.125758 
253000 0.000647902 0.125506 7.92388E-005 0 0 0.126233 0.125585 
254000 0.00064279 0.125335 7.82563E-005 0 0 0.126056 0.125413 
255000 0.000637894 0.125166 7.73329E-005 0 0 0.125881 0.125244 
256000 0.000632998 0.124998 7.64095E-005 0 0 0.125707 0.125074 
257000 0.000628102 0.124829 7.54861E-005 0 0 0.125532 0.124904 
258000 0.000623207 0.12466 7.45627E-005 0 0 0.125358 0.124735 
259000 0.000618391 0.124492 7.36606E-005 0 0 0.125185 0.124566 
260000 0.00061377 0.124327 7.28103E-005 0 0 0.125014 0.1244 
261000 0.000609148 0.124161 7.19599E-005 0 0 0.124843 0.124234 
262000 0.000604527 0.123996 7.11095E-005 0 0 0.124672 0.124067 
263000 0.000599906 0.123831 7.02592E-005 0 0 0.124501 0.123901 
264000 0.000595345 0.123666 6.94243E-005 0 0 0.124331 0.123736 
265000 0.000590982 0.123504 6.86408E-005 0 0 0.124163 0.123572 
266000 0.000586618 0.123342 6.78572E-005 0 0 0.123996 0.123409 
267000 0.000582255 0.123179 6.70737E-005 0 0 0.123829 0.123246 
268000 0.000577892 0.123017 6.62902E-005 0 0 0.123661 0.123083 
269000 0.000573547 0.122855 6.55113E-005 0 0 0.123494 0.122921 
270000 0.000569427 0.122696 6.47894E-005 0 0 0.12333 0.122761 
271000 0.000565307 0.122537 6.40675E-005 0 0 0.123166 0.122601 
272000 0.000561187 0.122378 6.33456E-005 0 0 0.123002 0.122441 
273000 0.000557067 0.122219 6.26238E-005 0 0 0.122839 0.122282 
274000 0.000552947 0.12206 6.19019E-005 0 0 0.122675 0.122122 
275000 0.000549017 0.121903 6.12264E-005 0 0 0.122514 0.121965 
276000 0.000545129 0.121748 6.05613E-005 0 0 0.122353 0.121808 
277000 0.00054124 0.121592 5.98963E-005 0 0 0.122193 0.121651 
278000 0.000537352 0.121436 5.92312E-005 0 0 0.122032 0.121495 
279000 0.000533464 0.12128 5.85661E-005 0 0 0.121872 0.121338 
280000 0.000529675 0.121125 5.79248E-005 0 0 0.121713 0.121183 
281000 0.000526004 0.120972 5.73119E-005 0 0 0.121556 0.12103 
282000 0.000522333 0.12082 5.6699E-005 0 0 0.121399 0.120876 
283000 0.000518662 0.120667 5.60861E-005 0 0 0.121241 0.120723 
284000 0.000514991 0.120514 5.54733E-005 0 0 0.121084 0.120569 
285000 0.00051132 0.120361 5.48604E-005 0 0 0.120927 0.120416 
286000 0.000507853 0.120211 5.42951E-005 0 0 0.120773 0.120266 
287000 0.000504388 0.120061 5.37303E-005 0 0 0.12062 0.120115 
288000 0.000500922 0.119912 5.31655E-005 0 0 0.120466 0.119965 
289000 0.000497457 0.119762 5.26007E-005 0 0 0.120312 0.119815 
290000 0.000493992 0.119612 5.20359E-005 0 0 0.120158 0.119664 
291000 0.000490607 0.119464 5.14895E-005 0 0 0.120006 0.119515 
292000 0.000487336 0.119317 5.09689E-005 0 0 0.119855 0.119368 
293000 0.000484064 0.11917 5.04482E-005 0 0 0.119705 0.11922 
294000 0.000480792 0.119023 4.99276E-005 0 0 0.119554 0.119073 
295000 0.000477521 0.118876 4.94069E-005 0 0 0.119403 0.118926 
296000 0.000474249 0.11873 4.88863E-005 0 0 0.119253 0.118778 
297000 0.000471112 0.118585 4.83957E-005 0 0 0.119104 0.118633 
298000 0.000468024 0.118441 4.79158E-005 0 0 0.118957 0.118489 
299000 0.000464936 0.118297 4.74359E-005 0 0 0.11881 0.118345 
300000 0.000461848 0.118153 4.6956E-005 0 0 0.118662 0.1182 
301000 0.00045876 0.118009 4.64761E-005 0 0 0.118515 0.118056 
302000 0.000455672 0.117866 4.59962E-005 0 0 0.118367 0.117912 
303000 0.000452747 0.117724 4.55517E-005 0 0 0.118223 0.11777 
304000 0.000449832 0.117583 4.51093E-005 0 0 0.118078 0.117629 
305000 0.000446916 0.117443 4.46669E-005 0 0 0.117934 0.117487 
306000 0.000444001 0.117302 4.42245E-005 0 0 0.11779 0.117346 
307000 0.000441086 0.117161 4.37821E-005 0 0 0.117645 0.117204 
308000 0.000438177 0.11702 4.3341E-005 0 0 0.117501 0.117063 
309000 0.000435425 0.116882 4.29331E-005 0 0 0.11736 0.116925 
310000 0.000432673 0.116744 4.25251E-005 0 0 0.117219 0.116786 
311000 0.000429921 0.116606 4.21172E-005 0 0 0.117078 0.116648 
312000 0.000427169 0.116467 4.17092E-005 0 0 0.116937 0.116509 
313000 0.000424417 0.116329 4.13013E-005 0 0 0.116795 0.116371 
314000 0.000421667 0.116191 4.08938E-005 0 0 0.116654 0.116232 
315000 0.00041907 0.116056 4.05177E-005 0 0 0.116516 0.116097 
316000 0.000416473 0.115921 4.01416E-005 0 0 0.116378 0.115961 
317000 0.000413876 0.115786 3.97656E-005 0 0 0.116239 0.115826 
318000 0.000411279 0.11565 3.93895E-005 0 0 0.116101 0.11569 
319000 0.000408681 0.115515 3.90134E-005 0 0 0.115963 0.115554 
320000 0.000406084 0.11538 3.86373E-005 0 0 0.115825 0.115419 
321000 0.000403614 0.115247 3.82867E-005 0 0 0.115689 0.115286 
322000 0.000401162 0.115115 3.79398E-005 0 0 0.115554 0.115153 
323000 0.00039871 0.114982 3.75928E-005 0 0 0.115419 0.11502 
324000 0.000396258 0.11485 3.72459E-005 0 0 0.115283 0.114887 
325000 0.000393806 0.114717 3.6899E-005 0 0 0.115148 0.114754 
326000 0.000391354 0.114585 3.6552E-005 0 0 0.115013 0.114621 
327000 0.000388987 0.114454 3.62217E-005 0 0 0.114879 0.11449 
328000 0.000386673 0.114325 3.59017E-005 0 0 0.114747 0.11436 
329000 0.000384358 0.114195 3.55816E-005 0 0 0.114615 0.11423 
330000 0.000382044 0.114065 3.52616E-005 0 0 0.114482 0.1141 
331000 0.000379729 0.113936 3.49416E-005 0 0 0.11435 0.11397 
332000 0.000377415 0.113806 3.46215E-005 0 0 0.114218 0.11384 
333000 0.000375131 0.113677 3.43074E-005 0 0 0.114086 0.113711 
334000 0.000372947 0.11355 3.40122E-005 0 0 0.113957 0.113584 
335000 0.000370763 0.113423 3.3717E-005 0 0 0.113827 0.113456 
336000 0.000368578 0.113296 3.34218E-005 0 0 0.113698 0.113329 
337000 0.000366394 0.113169 3.31266E-005 0 0 0.113568 0.113202 
338000 0.00036421 0.113042 3.28314E-005 0 0 0.113439 0.113075 
339000 0.000362025 0.112915 3.25362E-005 0 0 0.113309 0.112947 
340000 0.00035993 0.11279 3.22577E-005 0 0 0.113182 0.112822 
341000 0.000357868 0.112666 3.19853E-005 0 0 0.113055 0.112698 
342000 0.000355806 0.112541 3.17129E-005 0 0 0.112929 0.112573 
343000 0.000353744 0.112417 3.14405E-005 0 0 0.112802 0.112448 
344000 0.000351683 0.112293 3.11681E-005 0 0 0.112676 0.112324 
345000 0.000349621 0.112168 3.08957E-005 0 0 0.112549 0.112199 
346000 0.00034757 0.112044 3.06253E-005 0 0 0.112423 0.112075 
347000 0.000345624 0.111923 3.0374E-005 0 0 0.112299 0.111953 
348000 0.000343678 0.111801 3.01227E-005 0 0 0.112175 0.111831 
349000 0.000341732 0.111679 2.98713E-005 0 0 0.112051 0.111709 
350000 0.000339787 0.111558 2.962E-005 0 0 0.111927 0.111587 
351000 0.000337841 0.111436 2.93687E-005 0 0 0.111803 0.111466 
352000 0.000335895 0.111315 2.91173E-005 0 0 0.11168 0.111344 
353000 0.000333985 0.111194 2.88724E-005 0 0 0.111557 0.111223 
354000 0.000332149 0.111075 2.86404E-005 0 0 0.111436 0.111103 
355000 0.000330312 0.110956 2.84084E-005 0 0 0.111314 0.110984 
356000 0.000328475 0.110837 2.81764E-005 0 0 0.111193 0.110865 
357000 0.000326638 0.110718 2.79444E-005 0 0 0.111072 0.110745 
358000 0.000324801 0.110598 2.77124E-005 0 0 0.110951 0.110626 
359000 0.000322964 0.110479 2.74804E-005 0 0 0.11083 0.110507 
360000 0.000321172 0.110362 2.72562E-005 0 0 0.11071 0.110389 
361000 0.000319439 0.110245 2.70421E-005 0 0 0.110591 0.110272 
362000 0.000317706 0.110129 2.6828E-005 0 0 0.110473 0.110155 
363000 0.000315973 0.110012 2.66139E-005 0 0 0.110355 0.110039 
364000 0.000314239 0.109896 2.63998E-005 0 0 0.110236 0.109922 
365000 0.000312506 0.109779 2.61856E-005 0 0 0.110118 0.109805 
366000 0.000310773 0.109663 2.59715E-005 0 0 0.109999 0.109689 
367000 0.000309079 0.109547 2.57641E-005 0 0 0.109882 0.109573 
368000 0.000307443 0.109433 2.55664E-005 0 0 0.109766 0.109459 
369000 0.000305806 0.109319 2.53686E-005 0 0 0.109651 0.109345 
370000 0.00030417 0.109205 2.51709E-005 0 0 0.109535 0.10923 
371000 0.000302533 0.109091 2.49732E-005 0 0 0.109419 0.109116 
372000 0.000300897 0.108977 2.47755E-005 0 0 0.109303 0.109002 
373000 0.00029926 0.108863 2.45777E-005 0 0 0.109187 0.108888 
374000 0.000297646 0.10875 2.43836E-005 0 0 0.109072 0.108774 
375000 0.000296102 0.108638 2.42011E-005 0 0 0.108959 0.108663 
376000 0.000294558 0.108527 2.40186E-005 0 0 0.108846 0.108551 
377000 0.000293014 0.108416 2.3836E-005 0 0 0.108732 0.108439 
378000 0.00029147 0.108304 2.36535E-005 0 0 0.108619 0.108328 
379000 0.000289926 0.108193 2.34709E-005 0 0 0.108506 0.108216 
380000 0.000288382 0.108081 2.32884E-005 0 0 0.108393 0.108104 
381000 0.000286838 0.10797 2.31058E-005 0 0 0.10828 0.107993 
382000 0.000285375 0.10786 2.29363E-005 0 0 0.108169 0.107883 
383000 0.000283917 0.107751 2.27677E-005 0 0 0.108058 0.107774 
384000 0.00028246 0.107642 2.25991E-005 0 0 0.107947 0.107665 
385000 0.000281003 0.107533 2.24306E-005 0 0 0.107837 0.107556 
386000 0.000279546 0.107424 2.2262E-005 0 0 0.107726 0.107447 
387000 0.000278088 0.107315 2.20934E-005 0 0 0.107616 0.107337 
388000 0.000276631 0.107206 2.19248E-005 0 0 0.107505 0.107228 
389000 0.000275213 0.107098 2.17624E-005 0 0 0.107395 0.10712 
390000 0.000273838 0.106992 2.16067E-005 0 0 0.107287 0.107013 
391000 0.000272463 0.106885 2.1451E-005 0 0 0.107179 0.106907 
392000 0.000271087 0.106778 2.12953E-005 0 0 0.107071 0.1068 
393000 0.000269712 0.106672 2.11396E-005 0 0 0.106963 0.106693 
394000 0.000268337 0.106565 2.09839E-005 0 0 0.106855 0.106586 
395000 0.000266962 0.106459 2.08282E-005 0 0 0.106746 0.106479 
396000 0.000265586 0.106352 2.06725E-005 0 0 0.106638 0.106373 
397000 0.000264279 0.106248 2.05272E-005 0 0 0.106532 0.106268 
398000 0.000262982 0.106143 2.03834E-005 0 0 0.106426 0.106164 
399000 0.000261684 0.106039 2.02395E-005 0 0 0.106321 0.106059 
400000 0.000260386 0.105935 2.00957E-005 0 0 0.106215 0.105955 
401000 0.000259088 0.10583 1.99518E-005 0 0 0.106109 0.10585 
402000 0.00025779 0.105726 1.9808E-005 0 0 0.106004 0.105746 
403000 0.000256492 0.105622 1.96641E-005 0 0 0.105898 0.105641 
404000 0.000255204 0.105518 1.95218E-005 0 0 0.105792 0.105537 
405000 0.000253979 0.105416 1.93889E-005 0 0 0.105689 0.105435 
406000 0.000252754 0.105314 1.9256E-005 0 0 0.105586 0.105333 
407000 0.000251529 0.105212 1.91231E-005 0 0 0.105483 0.105231 
408000 0.000250304 0.10511 1.89902E-005 0 0 0.105379 0.105129 
409000 0.000249079 0.105008 1.88573E-005 0 0 0.105276 0.105027 
410000 0.000247854 0.104906 1.87244E-005 0 0 0.105173 0.104925 
411000 0.000246629 0.104804 1.85915E-005 0 0 0.105069 0.104823 
412000 0.000245421 0.104703 1.8461E-005 0 0 0.104967 0.104721 
413000 0.000244265 0.104603 1.83382E-005 0 0 0.104866 0.104621 
414000 0.000243109 0.104503 1.82155E-005 0 0 0.104765 0.104522 
415000 0.000241953 0.104404 1.80927E-005 0 0 0.104664 0.104422 
416000 0.000240797 0.104304 1.797E-005 0 0 0.104563 0.104322 
417000 0.000239641 0.104204 1.78472E-005 0 0 0.104462 0.104222 
418000 0.000238485 0.104104 1.77245E-005 0 0 0.104361 0.104122 
419000 0.000237329 0.104005 1.76017E-005 0 0 0.10426 0.104022 
420000 0.000236186 0.103906 1.74808E-005 0 0 0.104159 0.103923 
421000 0.000235095 0.103808 1.73674E-005 0 0 0.10406 0.103825 
422000 0.000234004 0.103711 1.7254E-005 0 0 0.103962 0.103728 
423000 0.000232913 0.103613 1.71406E-005 0 0 0.103863 0.10363 
424000 0.000231822 0.103516 1.70272E-005 0 0 0.103764 0.103533 
425000 0.000230731 0.103418 1.69139E-005 0 0 0.103666 0.103435 
426000 0.00022964 0.103321 1.68005E-005 0 0 0.103567 0.103337 
427000 0.000228549 0.103223 1.66871E-005 0 0 0.103468 0.10324 
428000 0.000227458 0.103126 1.65737E-005 0 0 0.10337 0.103142 
429000 0.000226428 0.10303 1.64688E-005 0 0 0.103273 0.103047 
430000 0.000225398 0.102935 1.63641E-005 0 0 0.103177 0.102951 
431000 0.000224368 0.10284 1.62594E-005 0 0 0.10308 0.102856 
432000 0.000223339 0.102744 1.61546E-005 0 0 0.102984 0.10276 
433000 0.000222309 0.102649 1.60499E-005 0 0 0.102887 0.102665 
434000 0.00022128 0.102554 1.59452E-005 0 0 0.102791 0.102569 
435000 0.00022025 0.102458 1.58404E-005 0 0 0.102694 0.102474 
436000 0.00021922 0.102363 1.57357E-005 0 0 0.102598 0.102379 
437000 0.000218226 0.102269 1.56359E-005 0 0 0.102503 0.102284 
438000 0.000217255 0.102175 1.55392E-005 0 0 0.102408 0.102191 
439000 0.000216283 0.102082 1.54425E-005 0 0 0.102314 0.102098 
440000 0.000215312 0.101989 1.53458E-005 0 0 0.10222 0.102004 
441000 0.00021434 0.101896 1.52491E-005 0 0 0.102125 0.101911 
442000 0.000213368 0.101803 1.51524E-005 0 0 0.102031 0.101818 
443000 0.000212397 0.101709 1.50557E-005 0 0 0.101937 0.101724 
444000 0.000211425 0.101616 1.4959E-005 0 0 0.101842 0.101631 
445000 0.000210458 0.101523 1.48629E-005 0 0 0.101748 0.101538 
446000 0.000209541 0.101432 1.47735E-005 0 0 0.101656 0.101446 
447000 0.000208624 0.101341 1.46842E-005 0 0 0.101564 0.101355 
448000 0.000207707 0.101249 1.45949E-005 0 0 0.101472 0.101264 
449000 0.00020679 0.101158 1.45056E-005 0 0 0.101379 0.101173 
450000 0.000205873 0.101067 1.44163E-005 0 0 0.101287 0.101081 
451000 0.000204956 0.100976 1.4327E-005 0 0 0.101195 0.10099 
452000 0.000204039 0.100884 1.42376E-005 0 0 0.101103 0.100899 
453000 0.000203122 0.100793 1.41483E-005 0 0 0.101011 0.100807 
454000 0.000202224 0.100703 1.40616E-005 0 0 0.100919 0.100717 
455000 0.000201359 0.100614 1.39792E-005 0 0 0.100829 0.100628 
456000 0.000200494 0.100524 1.38967E-005 0 0 0.100739 0.100538 
457000 0.000199628 0.100435 1.38142E-005 0 0 0.100649 0.100449 
458000 0.000198763 0.100346 1.37317E-005 0 0 0.100558 0.10036 
459000 0.000197897 0.100257 1.36493E-005 0 0 0.100468 0.10027 
460000 0.000197032 0.100167 1.35668E-005 0 0 0.100378 0.100181 
461000 0.000196167 0.100078 1.34843E-005 0 0 0.100288 0.100092 
462000 0.000195301 0.0999889 1.34018E-005 0 0 0.100198 0.100002 
463000 0.000194461 0.0999007 1.33226E-005 0 0 0.100109 0.0999141 
464000 0.000193644 0.0998134 1.32465E-005 0 0 0.10002 0.0998267 
465000 0.000192827 0.0997261 1.31703E-005 0 0 0.0999323 0.0997394 
466000 0.000192011 0.0996388 1.30941E-005 0 0 0.0998441 0.099652 
467000 0.000191194 0.0995516 1.3018E-005 0 0 0.0997559 0.0995646 
468000 0.000190377 0.0994643 1.29418E-005 0 0 0.0996677 0.0994773 
469000 0.000189561 0.099377 1.28657E-005 0 0 0.0995796 0.0993899 
470000 0.000188744 0.0992898 1.27895E-005 0 0 0.0994914 0.0993026 
471000 0.000187927 0.0992025 1.27133E-005 0 0 0.0994032 0.0992152 
472000 0.000187132 0.0991161 1.26399E-005 0 0 0.0993159 0.0991288 
473000 0.000186361 0.0990307 1.25696E-005 0 0 0.0992298 0.0990433 
474000 0.000185591 0.0989453 1.24993E-005 0 0 0.0991435 0.0989579 
475000 0.00018482 0.09886 1.2429E-005 0 0 0.0990574 0.0988725 
476000 0.000184049 0.0987746 1.23587E-005 0 0 0.0989712 0.0987871 
477000 0.000183279 0.0986892 1.22884E-005 0 0 0.098885 0.0987017 
478000 0.000182508 0.0986038 1.2218E-005 0 0 0.0987988 0.0986162 
479000 0.000181737 0.0985184 1.21477E-005 0 0 0.0987126 0.0985308 
480000 0.000180966 0.0984331 1.20774E-005 0 0 0.0986264 0.0984454 
481000 0.000180206 0.0983481 1.20084E-005 0 0 0.0985406 0.0983604 
482000 0.000179479 0.0982646 1.19435E-005 0 0 0.0984563 0.0982768 
483000 0.000178752 0.0981811 1.18786E-005 0 0 0.098372 0.0981932 
484000 0.000178024 0.0980976 1.18136E-005 0 0 0.0982876 0.0981096 
485000 0.000177297 0.0980141 1.17487E-005 0 0 0.0982033 0.098026 
486000 0.000176569 0.0979306 1.16838E-005 0 0 0.0981189 0.0979424 
487000 0.000175842 0.097847 1.16188E-005 0 0 0.0980346 0.0978589 
488000 0.000175115 0.0977635 1.15539E-005 0 0 0.0979503 0.0977753 
489000 0.000174387 0.09768 1.1489E-005 0 0 0.0978659 0.0976917 
490000 0.00017366 0.0975965 1.1424E-005 0 0 0.0977816 0.0976081 
491000 0.000172967 0.0975145 1.13633E-005 0 0 0.0976989 0.097526 
492000 0.000172281 0.0974328 1.13034E-005 0 0 0.0976164 0.0974442 
493000 0.000171594 0.0973511 1.12434E-005 0 0 0.097534 0.0973624 
494000 0.000170908 0.0972694 1.11834E-005 0 0 0.0974515 0.0972806 
495000 0.000170221 0.0971877 1.11235E-005 0 0 0.0973691 0.0971988 
496000 0.000169535 0.097106 1.10635E-005 0 0 0.0972866 0.097117 
497000 0.000168848 0.0970243 1.10036E-005 0 0 0.0972042 0.0970352 
498000 0.000168162 0.0969426 1.09436E-005 0 0 0.0971218 0.0969534 
499000 0.000167475 0.0968609 1.08836E-005 0 0 0.0970393 0.0968716 
500000 0.000166799 0.0967796 1.08249E-005 0 0 0.0969573 0.0967903 
501000 0.000166151 0.0966997 1.07695E-005 0 0 0.0968767 0.0967103 
502000 0.000165503 0.0966197 1.07142E-005 0 0 0.096796 0.0966303 
503000 0.000164855 0.0965398 1.06588E-005 0 0 0.0967154 0.0965503 
504000 0.000164208 0.0964598 1.06034E-005 0 0 0.0966347 0.0964703 
505000 0.00016356 0.0963798 1.0548E-005 0 0 0.0965541 0.0963904 
506000 0.000162912 0.0962999 1.04927E-005 0 0 0.0964734 0.0963104 
507000 0.000162264 0.0962199 1.04373E-005 0 0 0.0963928 0.0962304 
508000 0.000161616 0.09614 1.03819E-005 0 0 0.0963121 0.0961504 
509000 0.000160968 0.09606 1.03265E-005 0 0 0.0962315 0.0960704 
510000 0.000160321 0.09598 1.02712E-005 0 0 0.0961508 0.0959904 
511000 0.000159673 0.0959001 1.02158E-005 0 0 0.0960702 0.0959104 
512000 0.000159025 0.0958201 1.01604E-005 0 0 0.0959895 0.0958304 
