0 0    0
1 3617 3616
2 530.3 529.1
3 161.7 160.8
4 77.51 75.97
5 39.94 38.96
6 23.12 22.42
7 14.53332 13.9479
8 9.721 9.246
9 6.85545 6.42541
10 5.016 4.64
11 3.82376 3.44055
12 2.9846 2.61847
13 2.37629 2.03687
14 1.92421 1.61424
15 1.581 1.3
16 1.34312 1.06095
17 1.15237 0.87659
18 0.99741 0.73222
19 0.87006 0.6176
20 0.7643 0.5255
21 0.69813 0.45195
22 0.64038 0.39143
23 0.58966 0.34119
24 0.54487 0.29914
25 0.50512 0.26368
26 0.46965 0.23358
27 0.43788 0.20787
28 0.4093 0.18577
29 0.38349 0.16668
30 0.3601 0.1501
31 0.34497 0.1369
32 0.33093 0.12523
33 0.31786 0.11487
34 0.30568 0.10563
35 0.2943 0.09738
36 0.28364 0.08998
37 0.27365 0.08332
38 0.26426 0.07731
39 0.25543 0.07187
40 0.2471 0.06694
41 0.24234 0.06329
42 0.23779 0.05991
43 0.23343 0.05679
44 0.22924 0.0539
45 0.22522 0.05122
46 0.22136 0.04872
47 0.21765 0.0464
48 0.21407 0.04423
49 0.21062 0.0422
50 0.2073 0.04031
51 0.205 0.03904
52 0.20278 0.03784
53 0.20062 0.03669
54 0.19852 0.0356
55 0.19648 0.03457
56 0.1945 0.03358
57 0.19258 0.03263
58 0.1907 0.03173
59 0.18888 0.03087
60 0.1871 0.03004
61 0.18582 0.02965
62 0.18458 0.02927
63 0.18336 0.0289
64 0.18217 0.02855
65 0.181 0.0282
66 0.17986 0.02786
67 0.17875 0.02753
68 0.17766 0.02721
69 0.17659 0.0269
70 0.17554 0.02659
71 0.17451 0.0263
72 0.1735 0.02601
73 0.17251 0.02573
74 0.17155 0.02545
75 0.1706 0.02518
76 0.16966 0.02492
77 0.16875 0.02466
78 0.16785 0.02441
79 0.16697 0.02417
80 0.1661 0.02393
81 0.16541 0.02389
82 0.16473 0.02385
83 0.16406 0.0238
84 0.1634 0.02376
85 0.16275 0.02372
86 0.16211 0.02368
87 0.16148 0.02365
88 0.16086 0.02361
89 0.16025 0.02357
90 0.15965 0.02353
91 0.15906 0.02349
92 0.15848 0.02346
93 0.1579 0.02342
94 0.15734 0.02339
95 0.15678 0.02335
96 0.15623 0.02332
97 0.15569 0.02328
98 0.15515 0.02325
99 0.15462 0.02321
100 0.1541 0.02318
101 0.15362 0.02322
102 0.15314 0.02326
103 0.15267 0.0233
104 0.15221 0.02334
105 0.15175 0.02339
106 0.15129 0.02343
107 0.15085 0.02346
108 0.1504 0.0235
109 0.14997 0.02354
110 0.14954 0.02358
111 0.14911 0.02362
112 0.14869 0.02366
113 0.14827 0.0237
114 0.14786 0.02373
115 0.14745 0.02377
116 0.14705 0.02381
117 0.14665 0.02385
118 0.14626 0.02388
119 0.14587 0.02392
120 0.14549 0.02396
121 0.14511 0.02399
122 0.14473 0.02403
123 0.14436 0.02406
124 0.14399 0.0241
125 0.14363 0.02413
126 0.14327 0.02417
127 0.14291 0.0242
128 0.14256 0.02424
129 0.14221 0.02427
130 0.14186 0.0243
131 0.14152 0.02434
132 0.14118 0.02437
133 0.14084 0.0244
134 0.14051 0.02444
135 0.14018 0.02447
136 0.13986 0.0245
137 0.13953 0.02454
138 0.13921 0.02457
139 0.1389 0.0246
140 0.13858 0.02463
141 0.13827 0.02466
142 0.13796 0.02469
143 0.13766 0.02473
144 0.13736 0.02476
145 0.13706 0.02479
146 0.13676 0.02482
147 0.13647 0.02485
148 0.13618 0.02488
149 0.13589 0.02491
150 0.1356 0.02494
151 0.13531 0.02498
152 0.13501 0.02502
153 0.13472 0.02506
154 0.13444 0.0251
155 0.13415 0.02514
156 0.13387 0.02518
157 0.13359 0.02521
158 0.13331 0.02525
159 0.13304 0.02529
160 0.13276 0.02533
161 0.13249 0.02537
162 0.13222 0.0254
163 0.13196 0.02544
164 0.13169 0.02548
165 0.13143 0.02552
166 0.13117 0.02555
167 0.13091 0.02559
168 0.13066 0.02563
169 0.1304 0.02566
170 0.13015 0.0257
171 0.1299 0.02574
172 0.12965 0.02577
173 0.12941 0.02581
174 0.12916 0.02584
175 0.12892 0.02588
176 0.12868 0.02591
177 0.12844 0.02595
178 0.1282 0.02598
179 0.12797 0.02602
180 0.12774 0.02605
181 0.1275 0.02609
182 0.12727 0.02612
183 0.12705 0.02616
184 0.12682 0.02619
185 0.12659 0.02623
186 0.12637 0.02626
187 0.12615 0.02629
188 0.12593 0.02633
189 0.12571 0.02636
190 0.12549 0.02639
191 0.12528 0.02643
192 0.12506 0.02646
193 0.12485 0.02649
194 0.12464 0.02653
195 0.12443 0.02656
196 0.12422 0.02659
197 0.12401 0.02662
198 0.12381 0.02666
199 0.1236 0.02669
200 0.1234 0.02672
201 0.12318 0.02674
202 0.12296 0.02677
203 0.12275 0.02679
204 0.12253 0.02681
205 0.12232 0.02684
206 0.12211 0.02686
207 0.1219 0.02688
208 0.12169 0.02691
209 0.12148 0.02693
210 0.12127 0.02695
211 0.12107 0.02698
212 0.12086 0.027
213 0.12066 0.02702
214 0.12046 0.02704
215 0.12026 0.02707
216 0.12006 0.02709
217 0.11986 0.02711
218 0.11967 0.02713
219 0.11947 0.02716
220 0.11928 0.02718
221 0.11909 0.0272
222 0.1189 0.02722
223 0.11871 0.02724
224 0.11852 0.02726
225 0.11833 0.02729
226 0.11814 0.02731
227 0.11796 0.02733
228 0.11777 0.02735
229 0.11759 0.02737
230 0.11741 0.02739
231 0.11722 0.02741
232 0.11704 0.02744
233 0.11686 0.02746
234 0.11669 0.02748
235 0.11651 0.0275
236 0.11633 0.02752
237 0.11616 0.02754
238 0.11598 0.02756
239 0.11581 0.02758
240 0.11564 0.0276
241 0.11547 0.02762
242 0.1153 0.02764
243 0.11513 0.02766
244 0.11496 0.02768
245 0.11479 0.0277
246 0.11463 0.02772
247 0.11446 0.02774
248 0.1143 0.02776
249 0.11413 0.02778
250 0.11397 0.0278
251 0.11381 0.02782
252 0.11365 0.02784
253 0.11349 0.02786
254 0.11333 0.02788
255 0.11317 0.0279
256 0.11301 0.02792
257 0.11285 0.02794
258 0.1127 0.02796
259 0.11254 0.02798
260 0.11239 0.028
261 0.11223 0.02802
262 0.11208 0.02804
263 0.11193 0.02805
264 0.11178 0.02807
265 0.11163 0.02809
266 0.11148 0.02811
267 0.11133 0.02813
268 0.11118 0.02815
269 0.11103 0.02817
270 0.11089 0.02819
271 0.11074 0.0282
272 0.11059 0.02822
273 0.11045 0.02824
274 0.11031 0.02826
275 0.11016 0.02828
276 0.11002 0.0283
277 0.10988 0.02832
278 0.10974 0.02833
279 0.1096 0.02835
280 0.10946 0.02837
281 0.10932 0.02839
282 0.10918 0.02841
283 0.10904 0.02842
284 0.10891 0.02844
285 0.10877 0.02846
286 0.10863 0.02848
287 0.1085 0.02849
288 0.10836 0.02851
289 0.10823 0.02853
290 0.1081 0.02855
291 0.10797 0.02856
292 0.10783 0.02858
293 0.1077 0.0286
294 0.10757 0.02862
295 0.10744 0.02863
296 0.10731 0.02865
297 0.10718 0.02867
298 0.10705 0.02869
299 0.10693 0.0287
300 0.1068 0.02872
