#L    PhotonEnergy [eV]  XCOM:Rayleigh(coherent)[cm^/g]  XCOM:Compton(incoherent)[cm^/g]  XCOM:PhotoElectric[cm^/g]  XCOM:PairProduction(NuclearField)[cm^/g]  XCOM:PairProduction(ElectronField)[cm^/g]  XCOM:TotalCrossSection[cm^/g]  XCOM:TotalCrossSection-Coh[cm^/g]
0    0.    0.    0.    0.    0.    0.    0.
1000 1.98086 0.0124126 3767.07 0 0 3769.06 3767.08 
2000 1.63283 0.0351428 585.306 0 0 586.974 585.342 
3000 1.31429 0.0574731 294.453 0 0 295.825 294.51 
4000 1.06074 0.0761089 132.02 0 0 133.157 132.096 
5000 0.869121 0.0907941 190.751 0 0 191.711 190.842 
6000 0.726622 0.102224 116.369 0 0 117.198 116.471 
7000 0.619251 0.111222 76.1934 0 0 76.9239 76.3046 
8000 0.536641 0.118441 52.6016 0 0 53.2569 52.7201 
9000 0.471425 0.124354 37.7625 0 0 38.3583 37.8868 
10000 0.418495 0.129318 27.9677 0 0 28.5155 28.097 
11000 0.374645 0.133571 21.2823 0 0 21.7905 21.4159 
12000 0.337636 0.137261 16.5611 0 0 17.036 16.6984 
13000 0.305918 0.140495 13.1268 0 0 13.5732 13.2673 
14000 0.278433 0.143352 10.5729 0 0 10.9947 10.7162 
15000 0.254377 0.145895 8.63263 0 0 9.03292 8.77853 
16000 0.233221 0.148166 7.14011 0 0 7.52148 7.28826 
17000 0.214496 0.150201 5.96846 0 0 6.33314 6.11865 
18000 0.197873 0.15202 5.03676 0 0 5.38666 5.18879 
19000 0.183061 0.153645 4.28646 0 0 4.62318 4.4401 
20000 0.169841 0.15509 3.67752 0 0 4.00246 3.83262 
21000 0.157991 0.156373 3.17742 0 0 3.49179 3.33379 
22000 0.147328 0.157513 2.76267 0 0 3.06751 2.92018 
23000 0.137692 0.158524 2.41522 0 0 2.71144 2.57375 
24000 0.129003 0.159415 2.12453 0 0 2.41295 2.28395 
25000 0.121108 0.160202 1.87772 0 0 2.15903 2.03792 
26000 0.11392 0.160895 1.66709 0 0 1.9419 1.82798 
27000 0.107359 0.161502 1.48631 0 0 1.75517 1.64782 
28000 0.101355 0.162032 1.33029 0 0 1.59367 1.49232 
29000 0.0958455 0.162491 1.1949 0 0 1.45323 1.35739 
30000 0.0908027 0.162884 1.07776 0 0 1.33145 1.24065 
31000 0.0861494 0.163218 0.974974 0 0 1.22434 1.13819 
32000 0.0818397 0.163502 0.884221 0 0 1.12956 1.04772 
33000 0.0778721 0.163733 0.804852 0 0 1.04646 0.968586 
34000 0.0741801 0.163922 0.734194 0 0 0.972296 0.898116 
35000 0.0707563 0.16407 0.671638 0 0 0.906465 0.835707 
36000 0.0675615 0.164182 0.615683 0 0 0.847424 0.779865 
37000 0.0645927 0.164258 0.565954 0 0 0.794804 0.730211 
38000 0.0618042 0.164305 0.520984 0 0 0.747094 0.68529 
39000 0.0592107 0.164321 0.48095 0 0 0.704482 0.645272 
40000 0.0567753 0.164312 0.444749 0 0 0.665837 0.609061 
41000 0.0544824 0.16428 0.411875 0 0 0.630637 0.576156 
42000 0.0523318 0.164225 0.382201 0 0 0.598758 0.546426 
43000 0.050313 0.164149 0.355381 0 0 0.569844 0.51953 
44000 0.0484069 0.164055 0.330908 0 0 0.54337 0.494964 
45000 0.0466059 0.163944 0.308554 0 0 0.519104 0.472498 
46000 0.044903 0.163818 0.288112 0 0 0.496833 0.45193 
47000 0.0432916 0.163677 0.269394 0 0 0.476363 0.433072 
48000 0.0417663 0.163523 0.252247 0 0 0.457536 0.41577 
49000 0.0403246 0.163356 0.236571 0 0 0.440251 0.399927 
50000 0.0389556 0.163177 0.222137 0 0 0.42427 0.385314 
51000 0.0376549 0.162989 0.208828 0 0 0.409472 0.371817 
52000 0.0364177 0.162791 0.196538 0 0 0.395747 0.359329 
53000 0.0352399 0.162583 0.185172 0 0 0.382996 0.347756 
54000 0.0341178 0.162368 0.174647 0 0 0.371133 0.337015 
55000 0.0330477 0.162145 0.164884 0 0 0.360077 0.327029 
56000 0.0320279 0.161915 0.155838 0 0 0.349781 0.317753 
57000 0.0310564 0.161678 0.147459 0 0 0.340193 0.309137 
58000 0.0301279 0.161435 0.139659 0 0 0.331222 0.301094 
59000 0.0292397 0.161187 0.132385 0 0 0.322811 0.293572 
60000 0.0283893 0.160933 0.125592 0 0 0.314914 0.286525 
61000 0.0275741 0.160674 0.119236 0 0 0.307485 0.279911 
62000 0.0267919 0.160412 0.113282 0 0 0.300485 0.273693 
63000 0.0260408 0.160145 0.107694 0 0 0.293879 0.267839 
64000 0.0253246 0.159874 0.102509 0 0 0.287708 0.262383 
65000 0.0246381 0.1596 0.0976543 0 0 0.281893 0.257254 
66000 0.0239771 0.159323 0.0930786 0 0 0.276379 0.252402 
67000 0.0233402 0.159043 0.0887594 0 0 0.271143 0.247803 
68000 0.0227259 0.158761 0.0846785 0 0 0.266165 0.243439 
69000 0.0221423 0.158476 0.0809092 0 0 0.261527 0.239385 
70000 0.0215784 0.158188 0.077334 0 0 0.257101 0.235522 
71000 0.0210329 0.1579 0.0739385 0 0 0.252871 0.231838 
72000 0.0205067 0.157609 0.0707281 0 0 0.248844 0.228337 
73000 0.0200052 0.157316 0.0677465 0 0 0.245068 0.225063 
74000 0.0195187 0.157023 0.0649011 0 0 0.241443 0.221924 
75000 0.0190463 0.156728 0.0621829 0 0 0.237957 0.218911 
76000 0.0185962 0.156432 0.0596584 0 0 0.234687 0.21609 
77000 0.0181601 0.156135 0.0572537 0 0 0.231549 0.213389 
78000 0.0177355 0.155838 0.054946 0 0 0.228519 0.210784 
79000 0.0173301 0.155539 0.052796 0 0 0.225665 0.208335 
80000 0.0169371 0.15524 0.0507455 0 0 0.222923 0.205986 
81000 0.0165534 0.154941 0.0487685 0 0 0.220263 0.203709 
82000 0.0161884 0.154641 0.0469377 0 0 0.217767 0.201579 
83000 0.0158322 0.154341 0.0451724 0 0 0.215346 0.199514 
84000 0.015486 0.154041 0.0434828 0 0 0.21301 0.197524 
85000 0.015155 0.153741 0.0419043 0 0 0.210801 0.195646 
86000 0.0148301 0.153441 0.04037 0 0 0.208641 0.193811 
87000 0.0145187 0.153141 0.0389314 0 0 0.206591 0.192072 
88000 0.0142159 0.152842 0.0375515 0 0 0.204609 0.190393 
89000 0.0139207 0.152542 0.0362242 0 0 0.202687 0.188766 
90000 0.0136379 0.152243 0.0349806 0 0 0.200861 0.187223 
91000 0.0133591 0.151944 0.0337627 0 0 0.199066 0.185706 
92000 0.0130937 0.151645 0.0326327 0 0 0.197372 0.184278 
93000 0.0128325 0.151347 0.0315284 0 0 0.195708 0.182876 
94000 0.012581 0.15105 0.0304856 0 0 0.194116 0.181536 
95000 0.0123358 0.150753 0.0294818 0 0 0.19257 0.180235 
96000 0.0120974 0.150456 0.0285196 0 0 0.191073 0.178976 
97000 0.0118669 0.150161 0.0276047 0 0 0.189632 0.177766 
98000 0.0116411 0.149866 0.0267171 0 0 0.188224 0.176583 
99000 0.0114241 0.149571 0.025881 0 0 0.186876 0.175452 
100000 0.0112101 0.149278 0.0250619 0 0 0.18555 0.17434 
101000 0.0110054 0.148985 0.0242956 0 0 0.184286 0.173281 
102000 0.0108027 0.148693 0.0235401 0 0 0.183036 0.172233 
103000 0.0106091 0.148402 0.0228351 0 0 0.181846 0.171237 
104000 0.010417 0.148111 0.0221377 0 0 0.180666 0.170249 
105000 0.0102337 0.147822 0.0214877 0 0 0.179543 0.16931 
106000 0.0100517 0.147533 0.0208445 0 0 0.178429 0.168378 
107000 0.00987783 0.147246 0.0202431 0 0 0.177367 0.167489 
108000 0.00970552 0.146959 0.0196499 0 0 0.176314 0.166609 
109000 0.00954009 0.146674 0.0190915 0 0 0.175305 0.165765 
110000 0.00937681 0.146389 0.018544 0 0 0.174309 0.164933 
111000 0.00921915 0.146105 0.018024 0 0 0.173348 0.164129 
112000 0.00906457 0.145822 0.0175192 0 0 0.172406 0.163341 
113000 0.00891399 0.14554 0.0170334 0 0 0.171488 0.162574 
114000 0.00876759 0.14526 0.0165676 0 0 0.170595 0.161827 
115000 0.00862344 0.14498 0.0161122 0 0 0.169716 0.161092 
116000 0.00848481 0.144702 0.0156825 0 0 0.168869 0.160384 
117000 0.00834651 0.144423 0.0152544 0 0 0.168024 0.159678 
118000 0.00821527 0.144147 0.0148581 0 0 0.167221 0.159006 
119000 0.00808403 0.143872 0.0144618 0 0 0.166417 0.158333 
120000 0.00795805 0.143597 0.0140887 0 0 0.165644 0.157686 
121000 0.00783375 0.143324 0.013723 0 0 0.164881 0.157047 
122000 0.00771229 0.143052 0.0133695 0 0 0.164134 0.156421 
123000 0.00759463 0.142781 0.0130323 0 0 0.163408 0.155813 
124000 0.0074773 0.14251 0.0126964 0 0 0.162684 0.155206 
125000 0.00736596 0.142242 0.0123854 0 0 0.161993 0.154627 
126000 0.00725462 0.141973 0.0120744 0 0 0.161303 0.154048 
127000 0.00714699 0.141707 0.0117785 0 0 0.160632 0.153485 
128000 0.00704157 0.141441 0.0114917 0 0 0.159974 0.152933 
129000 0.00693703 0.141176 0.0112082 0 0 0.159321 0.152384 
130000 0.00683725 0.140913 0.0109436 0 0 0.158694 0.151857 
131000 0.00673746 0.14065 0.010679 0 0 0.158067 0.151329 
132000 0.00664107 0.140389 0.0104274 0 0 0.157458 0.150817 
133000 0.00654662 0.140129 0.0101833 0 0 0.156859 0.150312 
134000 0.00645251 0.139869 0.00994044 0 0 0.156262 0.14981 
135000 0.00636315 0.139612 0.00971535 0 0 0.155691 0.149328 
136000 0.00627379 0.139355 0.00949027 0 0 0.155119 0.148846 
137000 0.00618658 0.139099 0.00927303 0 0 0.154559 0.148372 
138000 0.00610201 0.138845 0.0090654 0 0 0.154012 0.14791 
139000 0.00601743 0.138591 0.00885777 0 0 0.153466 0.147449 
140000 0.0059364 0.138339 0.00866271 0 0 0.152938 0.147001 
141000 0.00585637 0.138088 0.00847122 0 0 0.152415 0.146559 
142000 0.00577659 0.137836 0.00828057 0 0 0.151893 0.146117 
143000 0.00570089 0.137588 0.00810399 0 0 0.151393 0.145692 
144000 0.00562518 0.13734 0.0079274 0 0 0.150893 0.145267 
145000 0.00555062 0.137093 0.00775465 0 0 0.150398 0.144847 
146000 0.00547896 0.136847 0.00759171 0 0 0.149918 0.144439 
147000 0.00540731 0.136602 0.00742876 0 0 0.149438 0.144031 
148000 0.0053374 0.136358 0.00727156 0 0 0.148967 0.14363 
149000 0.00526963 0.136116 0.00712132 0 0 0.148507 0.143237 
150000 0.00520186 0.135873 0.00697107 0 0 0.148046 0.142845 
151000 0.00513615 0.135633 0.00682743 0 0 0.147597 0.142461 
152000 0.00507202 0.135394 0.00668883 0 0 0.147155 0.142083 
153000 0.00500789 0.135155 0.00655023 0 0 0.146713 0.141705 
154000 0.00494594 0.134917 0.00641838 0 0 0.146282 0.141336 
155000 0.00488529 0.134681 0.00629057 0 0 0.145857 0.140972 
156000 0.00482464 0.134445 0.00616276 0 0 0.145433 0.140608 
157000 0.00476605 0.134211 0.00604118 0 0 0.145019 0.140253 
158000 0.00470869 0.133979 0.00592331 0 0 0.144611 0.139902 
159000 0.00465132 0.133746 0.00580544 0 0 0.144203 0.139551 
160000 0.00459571 0.133515 0.00569277 0 0 0.143803 0.139208 
161000 0.00454144 0.133285 0.00558404 0 0 0.14341 0.138869 
162000 0.00448717 0.133055 0.00547532 0 0 0.143018 0.138531 
163000 0.00443422 0.132827 0.0053704 0 0 0.142632 0.138198 
164000 0.00438289 0.132601 0.00527012 0 0 0.142254 0.137871 
165000 0.00433155 0.132374 0.00516983 0 0 0.141876 0.137544 
166000 0.00428099 0.132149 0.00507168 0 0 0.141501 0.13722 
167000 0.00423245 0.131925 0.00497921 0 0 0.141137 0.136905 
168000 0.00418392 0.131702 0.00488674 0 0 0.140773 0.136589 
169000 0.00413547 0.131479 0.0047945 0 0 0.140409 0.136274 
170000 0.00408954 0.131259 0.00470918 0 0 0.140058 0.135968 
171000 0.00404362 0.131039 0.00462385 0 0 0.139706 0.135663 
172000 0.0039977 0.130819 0.00453853 0 0 0.139355 0.135357 
173000 0.00395361 0.130601 0.00445808 0 0 0.139013 0.135059 
174000 0.0039102 0.130385 0.00437942 0 0 0.138674 0.134764 
175000 0.00386679 0.130168 0.00430077 0 0 0.138336 0.134469 
176000 0.00382423 0.129952 0.00422431 0 0 0.138001 0.134177 
177000 0.00378317 0.129739 0.00415175 0 0 0.137674 0.133891 
178000 0.00374211 0.129525 0.00407918 0 0 0.137347 0.133605 
179000 0.00370105 0.129312 0.00400661 0 0 0.13702 0.133318 
180000 0.00366205 0.129101 0.00393926 0 0 0.136703 0.133041 
181000 0.00362322 0.128891 0.00387233 0 0 0.136387 0.132764 
182000 0.00358439 0.128681 0.00380539 0 0 0.136071 0.132486 
183000 0.00354646 0.128472 0.00374068 0 0 0.135759 0.132213 
184000 0.00350975 0.128265 0.00367895 0 0 0.135454 0.131944 
185000 0.00347304 0.128058 0.00361722 0 0 0.135148 0.131676 
186000 0.00343633 0.127851 0.0035555 0 0 0.134843 0.131407 
187000 0.00340133 0.127647 0.00349787 0 0 0.134546 0.131145 
188000 0.00336662 0.127444 0.00344094 0 0 0.134251 0.130885 
189000 0.00333191 0.12724 0.00338401 0 0 0.133956 0.130624 
190000 0.00329761 0.127037 0.00332802 0 0 0.133663 0.130365 
191000 0.00326478 0.126836 0.0032755 0 0 0.133377 0.130112 
192000 0.00323196 0.126636 0.00322297 0 0 0.133091 0.129859 
193000 0.00319913 0.126436 0.00317044 0 0 0.132805 0.129606 
194000 0.00316721 0.126237 0.00311998 0 0 0.132524 0.129357 
195000 0.00313619 0.12604 0.00307155 0 0 0.132248 0.129111 
196000 0.00310516 0.125843 0.00302311 0 0 0.131971 0.128866 
197000 0.00307414 0.125646 0.00297468 0 0 0.131694 0.12862 
198000 0.00304433 0.125451 0.00292895 0 0 0.131424 0.12838 
199000 0.00301499 0.125257 0.00288426 0 0 0.131156 0.128141 
200000 0.00298566 0.125063 0.00283957 0 0 0.130888 0.127903 
201000 0.00295632 0.124869 0.00279488 0 0 0.13062 0.127664 
202000 0.00292837 0.124678 0.00275319 0 0 0.13036 0.127431 
203000 0.00290064 0.124487 0.00271198 0 0 0.1301 0.127199 
204000 0.00287291 0.124297 0.00267076 0 0 0.129841 0.126968 
205000 0.00284518 0.124106 0.00262954 0 0 0.129581 0.126736 
206000 0.00281886 0.123919 0.00259129 0 0 0.129329 0.12651 
207000 0.00279263 0.123731 0.00255326 0 0 0.129077 0.126284 
208000 0.00276641 0.123544 0.00251523 0 0 0.128825 0.126059 
209000 0.00274019 0.123356 0.0024772 0 0 0.128574 0.125833 
210000 0.0027153 0.123172 0.0024419 0 0 0.128329 0.125614 
211000 0.00269052 0.122987 0.00240682 0 0 0.128085 0.125394 
212000 0.00266574 0.122803 0.00237174 0 0 0.127841 0.125175 
213000 0.00264096 0.122619 0.00233667 0 0 0.127597 0.124956 
214000 0.00261731 0.122437 0.00230386 0 0 0.127359 0.124741 
215000 0.00259388 0.122256 0.0022715 0 0 0.127122 0.124528 
216000 0.00257046 0.122075 0.00223914 0 0 0.126885 0.124315 
217000 0.00254703 0.121894 0.00220678 0 0 0.126648 0.124101 
218000 0.00252446 0.121715 0.00217609 0 0 0.126416 0.123892 
219000 0.00250232 0.121538 0.00214624 0 0 0.126186 0.123684 
220000 0.00248018 0.12136 0.00211638 0 0 0.125956 0.123476 
221000 0.00245803 0.121182 0.00208653 0 0 0.125726 0.123268 
222000 0.0024364 0.121005 0.00205764 0 0 0.125499 0.123063 
223000 0.00241548 0.12083 0.00203011 0 0 0.125276 0.12286 
224000 0.00239456 0.120656 0.00200257 0 0 0.125053 0.122658 
225000 0.00237363 0.120481 0.00197503 0 0 0.12483 0.122456 
226000 0.00235281 0.120306 0.00194768 0 0 0.124607 0.122254 
227000 0.00233303 0.120135 0.00192227 0 0 0.12439 0.122057 
228000 0.00231325 0.119963 0.00189686 0 0 0.124173 0.12186 
229000 0.00229347 0.119791 0.00187145 0 0 0.123956 0.121663 
230000 0.00227369 0.11962 0.00184604 0 0 0.12374 0.121466 
231000 0.00225464 0.11945 0.00182194 0 0 0.123527 0.121272 
232000 0.00223595 0.119282 0.0017985 0 0 0.123316 0.12108 
233000 0.00221726 0.119113 0.00177506 0 0 0.123105 0.120888 
234000 0.00219857 0.118944 0.00175162 0 0 0.122895 0.120696 
235000 0.00218005 0.118776 0.00172848 0 0 0.122685 0.120505 
236000 0.00216239 0.118611 0.00170684 0 0 0.12248 0.120318 
237000 0.00214472 0.118445 0.00168521 0 0 0.122275 0.12013 
238000 0.00212705 0.11828 0.00166358 0 0 0.12207 0.119943 
239000 0.00210939 0.118114 0.00164194 0 0 0.121865 0.119756 
240000 0.00209228 0.11795 0.00162127 0 0 0.121664 0.119571 
241000 0.00207559 0.117788 0.00160132 0 0 0.121464 0.119389 
242000 0.0020589 0.117625 0.00158136 0 0 0.121265 0.119206 
243000 0.00204222 0.117463 0.00156141 0 0 0.121066 0.119024 
244000 0.00202553 0.1173 0.00154146 0 0 0.120867 0.118841 
245000 0.00200965 0.11714 0.00152287 0 0 0.120673 0.118663 
246000 0.00199388 0.11698 0.00150446 0 0 0.120479 0.118485 
247000 0.00197811 0.116821 0.00148604 0 0 0.120285 0.118307 
248000 0.00196233 0.116661 0.00146762 0 0 0.120091 0.118129 
249000 0.00194666 0.116502 0.00144937 0 0 0.119898 0.117951 
250000 0.00193176 0.116345 0.00143238 0 0 0.11971 0.117778 
251000 0.00191685 0.116189 0.00141539 0 0 0.119521 0.117604 
252000 0.00190195 0.116032 0.00139839 0 0 0.119333 0.117431 
253000 0.00188704 0.115876 0.0013814 0 0 0.119144 0.117257 
254000 0.00187235 0.11572 0.00136473 0 0 0.118957 0.117084 
255000 0.00185826 0.115566 0.00134905 0 0 0.118773 0.116915 
256000 0.00184418 0.115412 0.00133336 0 0 0.11859 0.116746 
257000 0.0018301 0.115259 0.00131768 0 0 0.118406 0.116576 
258000 0.00181602 0.115105 0.00130199 0 0 0.118223 0.116407 
259000 0.00180216 0.114952 0.00128666 0 0 0.118041 0.116239 
260000 0.00178886 0.114801 0.00127219 0 0 0.117862 0.116073 
261000 0.00177555 0.11465 0.00125771 0 0 0.117684 0.115908 
262000 0.00176225 0.1145 0.00124324 0 0 0.117505 0.115743 
263000 0.00174894 0.114349 0.00122877 0 0 0.117326 0.115577 
264000 0.00173581 0.114199 0.00121456 0 0 0.117149 0.115413 
265000 0.00172324 0.114051 0.0012012 0 0 0.116975 0.115252 
266000 0.00171067 0.113903 0.00118784 0 0 0.116801 0.11509 
267000 0.0016981 0.113755 0.00117448 0 0 0.116627 0.114929 
268000 0.00168553 0.113607 0.00116112 0 0 0.116453 0.114768 
269000 0.00167301 0.113459 0.00114783 0 0 0.11628 0.114607 
270000 0.00166113 0.113314 0.0011355 0 0 0.11611 0.114449 
271000 0.00164926 0.113168 0.00112317 0 0 0.115941 0.114292 
272000 0.00163738 0.113023 0.00111084 0 0 0.115771 0.114134 
273000 0.0016255 0.112878 0.00109851 0 0 0.115602 0.113977 
274000 0.00161362 0.112733 0.00108618 0 0 0.115433 0.113819 
275000 0.00160228 0.11259 0.00107462 0 0 0.115267 0.113665 
276000 0.00159107 0.112448 0.00106324 0 0 0.115102 0.113511 
277000 0.00157985 0.112305 0.00105186 0 0 0.114937 0.113357 
278000 0.00156863 0.112163 0.00104048 0 0 0.114772 0.113203 
279000 0.00155741 0.112021 0.00102909 0 0 0.114607 0.11305 
280000 0.00154647 0.111879 0.00101811 0 0 0.114444 0.112898 
281000 0.00153587 0.11174 0.0010076 0 0 0.114283 0.112747 
282000 0.00152527 0.1116 0.000997094 0 0 0.114123 0.112597 
283000 0.00151468 0.111461 0.000986586 0 0 0.113962 0.112447 
284000 0.00150408 0.111321 0.000976077 0 0 0.113801 0.112297 
285000 0.00149348 0.111181 0.000965569 0 0 0.11364 0.112147 
286000 0.00148346 0.111044 0.000955861 0 0 0.113484 0.112 
287000 0.00147345 0.110908 0.00094616 0 0 0.113327 0.111854 
288000 0.00146343 0.110771 0.000936459 0 0 0.113171 0.111707 
289000 0.00145342 0.110634 0.000926759 0 0 0.113014 0.111561 
290000 0.00144341 0.110497 0.000917058 0 0 0.112857 0.111414 
291000 0.00143363 0.110361 0.000907667 0 0 0.112702 0.111269 
292000 0.00142417 0.110227 0.000898709 0 0 0.11255 0.111126 
293000 0.00141471 0.110093 0.000889751 0 0 0.112397 0.110982 
294000 0.00140525 0.109958 0.000880793 0 0 0.112244 0.110839 
295000 0.00139579 0.109824 0.000871835 0 0 0.112092 0.110696 
296000 0.00138633 0.10969 0.000862877 0 0 0.111939 0.110553 
297000 0.00137726 0.109558 0.000854424 0 0 0.111789 0.110412 
298000 0.00136833 0.109426 0.000846154 0 0 0.11164 0.110272 
299000 0.00135939 0.109294 0.000837883 0 0 0.111492 0.110132 
300000 0.00135046 0.109163 0.000829612 0 0 0.111343 0.109992 
301000 0.00134153 0.109031 0.000821341 0 0 0.111194 0.109853 
302000 0.00133259 0.1089 0.00081307 0 0 0.111045 0.109713 
303000 0.00132413 0.10877 0.000805396 0 0 0.1109 0.109576 
304000 0.00131569 0.108641 0.000797758 0 0 0.110755 0.109439 
305000 0.00130725 0.108513 0.00079012 0 0 0.11061 0.109303 
306000 0.00129881 0.108384 0.000782483 0 0 0.110465 0.109166 
307000 0.00129038 0.108255 0.000774845 0 0 0.11032 0.109029 
308000 0.00128195 0.108126 0.000767229 0 0 0.110175 0.108893 
309000 0.00127398 0.107999 0.000760174 0 0 0.110033 0.10876 
310000 0.00126601 0.107873 0.000753119 0 0 0.109892 0.108626 
311000 0.00125804 0.107746 0.000746063 0 0 0.109751 0.108493 
312000 0.00125007 0.10762 0.000739008 0 0 0.109609 0.108359 
313000 0.0012421 0.107494 0.000731953 0 0 0.109468 0.108226 
314000 0.00123413 0.107367 0.000724907 0 0 0.109326 0.108092 
315000 0.00122661 0.107244 0.000718392 0 0 0.109189 0.107962 
316000 0.00121908 0.10712 0.000711877 0 0 0.109051 0.107832 
317000 0.00121155 0.106996 0.000705362 0 0 0.108913 0.107701 
318000 0.00120402 0.106872 0.000698847 0 0 0.108775 0.107571 
319000 0.0011965 0.106748 0.000692333 0 0 0.108637 0.107441 
320000 0.00118897 0.106624 0.000685818 0 0 0.108499 0.10731 
321000 0.00118181 0.106503 0.000679737 0 0 0.108364 0.107182 
322000 0.00117469 0.106381 0.000673718 0 0 0.10823 0.107055 
323000 0.00116758 0.10626 0.000667699 0 0 0.108095 0.106928 
324000 0.00116047 0.106139 0.000661679 0 0 0.107961 0.1068 
325000 0.00115336 0.106017 0.00065566 0 0 0.107826 0.106673 
326000 0.00114625 0.105896 0.000649641 0 0 0.107692 0.106546 
327000 0.00113938 0.105776 0.000643904 0 0 0.107559 0.10642 
328000 0.00113267 0.105657 0.000638343 0 0 0.107428 0.106296 
329000 0.00112595 0.105539 0.000632782 0 0 0.107297 0.106171 
330000 0.00111923 0.10542 0.000627221 0 0 0.107166 0.106047 
331000 0.00111252 0.105301 0.00062166 0 0 0.107035 0.105922 
332000 0.0011058 0.105182 0.000616099 0 0 0.106904 0.105798 
333000 0.00109917 0.105064 0.000610638 0 0 0.106773 0.105674 
334000 0.00109283 0.104947 0.000605501 0 0 0.106646 0.105553 
335000 0.00108649 0.104831 0.000600364 0 0 0.106518 0.105431 
336000 0.00108014 0.104715 0.000595227 0 0 0.10639 0.10531 
337000 0.0010738 0.104598 0.00059009 0 0 0.106262 0.105188 
338000 0.00106746 0.104482 0.000584953 0 0 0.106134 0.105067 
339000 0.00106112 0.104365 0.000579816 0 0 0.106006 0.104945 
340000 0.00105503 0.104251 0.000574962 0 0 0.105881 0.104826 
341000 0.00104904 0.104137 0.000570214 0 0 0.105756 0.104707 
342000 0.00104305 0.104023 0.000565466 0 0 0.105631 0.104588 
343000 0.00103706 0.103909 0.000560718 0 0 0.105507 0.10447 
344000 0.00103107 0.103795 0.00055597 0 0 0.105382 0.104351 
345000 0.00102507 0.103681 0.000551222 0 0 0.105257 0.104232 
346000 0.00101911 0.103567 0.000546509 0 0 0.105133 0.104114 
347000 0.00101346 0.103456 0.000542122 0 0 0.105011 0.103998 
348000 0.0010078 0.103344 0.000537735 0 0 0.10489 0.103882 
349000 0.00100214 0.103232 0.000533348 0 0 0.104768 0.103766 
350000 0.000996488 0.103121 0.000528961 0 0 0.104646 0.10365 
351000 0.000990831 0.103009 0.000524574 0 0 0.104525 0.103534 
352000 0.000985174 0.102898 0.000520187 0 0 0.104403 0.103418 
353000 0.000979622 0.102787 0.00051591 0 0 0.104282 0.103303 
354000 0.000974278 0.102678 0.000511855 0 0 0.104164 0.103189 
355000 0.000968934 0.102568 0.000507799 0 0 0.104045 0.103076 
356000 0.000963591 0.102459 0.000503744 0 0 0.103926 0.102963 
357000 0.000958247 0.10235 0.000499688 0 0 0.103808 0.10285 
358000 0.000952904 0.102241 0.000495633 0 0 0.103689 0.102736 
359000 0.00094756 0.102131 0.000491577 0 0 0.103571 0.102623 
360000 0.000942347 0.102023 0.000487656 0 0 0.103453 0.102511 
361000 0.000937301 0.101916 0.000483908 0 0 0.103337 0.1024 
362000 0.000932256 0.101809 0.00048016 0 0 0.103222 0.10229 
363000 0.000927211 0.101703 0.000476412 0 0 0.103106 0.102179 
364000 0.000922165 0.101596 0.000472664 0 0 0.10299 0.102068 
365000 0.00091712 0.101489 0.000468916 0 0 0.102875 0.101958 
366000 0.000912075 0.101382 0.000465169 0 0 0.102759 0.101847 
367000 0.000907143 0.101276 0.000461535 0 0 0.102645 0.101737 
368000 0.000902376 0.101171 0.00045807 0 0 0.102532 0.101629 
369000 0.00089761 0.101067 0.000454604 0 0 0.102419 0.101521 
370000 0.000892844 0.100962 0.000451138 0 0 0.102306 0.101413 
371000 0.000888078 0.100857 0.000447673 0 0 0.102193 0.101305 
372000 0.000883311 0.100753 0.000444207 0 0 0.10208 0.101197 
373000 0.000878545 0.100648 0.000440742 0 0 0.101967 0.101089 
374000 0.000873843 0.100544 0.000437338 0 0 0.101855 0.100981 
375000 0.000869342 0.100442 0.000434134 0 0 0.101745 0.100876 
376000 0.000864842 0.100339 0.00043093 0 0 0.101635 0.10077 
377000 0.000860341 0.100237 0.000427726 0 0 0.101525 0.100664 
378000 0.000855841 0.100134 0.000424522 0 0 0.101415 0.100559 
379000 0.00085134 0.100032 0.000421318 0 0 0.101305 0.100453 
380000 0.00084684 0.0999296 0.000418114 0 0 0.101195 0.100348 
381000 0.000842339 0.0998273 0.00041491 0 0 0.101085 0.100242 
382000 0.000838073 0.0997269 0.00041193 0 0 0.100977 0.100139 
383000 0.000833823 0.0996268 0.000408967 0 0 0.10087 0.100036 
384000 0.000829573 0.0995266 0.000406004 0 0 0.100762 0.0999326 
385000 0.000825324 0.0994265 0.000403041 0 0 0.100655 0.0998295 
386000 0.000821074 0.0993263 0.000400078 0 0 0.100547 0.0997264 
387000 0.000816825 0.0992262 0.000397115 0 0 0.10044 0.0996233 
388000 0.000812575 0.099126 0.000394151 0 0 0.100333 0.0995202 
389000 0.000808439 0.0990269 0.000391295 0 0 0.100227 0.0994183 
390000 0.000804426 0.0989289 0.000388555 0 0 0.100122 0.0993175 
391000 0.000800414 0.098831 0.000385815 0 0 0.100017 0.0992168 
392000 0.000796401 0.098733 0.000383074 0 0 0.0999125 0.0991161 
393000 0.000792388 0.0986351 0.000380334 0 0 0.0998078 0.0990154 
394000 0.000788375 0.0985371 0.000377594 0 0 0.099703 0.0989146 
395000 0.000784363 0.0984391 0.000374854 0 0 0.0995983 0.0988139 
396000 0.00078035 0.0983412 0.000372113 0 0 0.0994936 0.0987132 
397000 0.000776534 0.0982451 0.000369555 0 0 0.0993911 0.0986146 
398000 0.000772745 0.0981492 0.00036702 0 0 0.099289 0.0985162 
399000 0.000768955 0.0980534 0.000364485 0 0 0.0991868 0.0984178 
400000 0.000765166 0.0979575 0.00036195 0 0 0.0990846 0.0983194 
401000 0.000761376 0.0978617 0.000359416 0 0 0.0989825 0.0982211 
402000 0.000757587 0.0977658 0.000356881 0 0 0.0988803 0.0981227 
403000 0.000753797 0.09767 0.000354346 0 0 0.0987781 0.0980243 
404000 0.000750037 0.0975744 0.000351838 0 0 0.0986763 0.0979263 
405000 0.000746458 0.0974807 0.000349493 0 0 0.0985767 0.0978302 
406000 0.000742879 0.097387 0.000347148 0 0 0.098477 0.0977341 
407000 0.0007393 0.0972933 0.000344802 0 0 0.0983774 0.097638 
408000 0.000735721 0.0971995 0.000342457 0 0 0.0982777 0.097542 
409000 0.000732142 0.0971058 0.000340112 0 0 0.0981781 0.0974459 
410000 0.000728563 0.0970121 0.000337767 0 0 0.0980784 0.0973498 
411000 0.000724984 0.0969183 0.000335422 0 0 0.0979788 0.0972537 
412000 0.000721454 0.0968251 0.00033312 0 0 0.0978797 0.0971582 
413000 0.000718075 0.0967334 0.000330951 0 0 0.0977825 0.0970644 
414000 0.000714696 0.0966418 0.000328781 0 0 0.0976853 0.0969705 
415000 0.000711318 0.0965501 0.000326612 0 0 0.097588 0.0968767 
416000 0.000707939 0.0964584 0.000324443 0 0 0.0974908 0.0967829 
417000 0.00070456 0.0963668 0.000322274 0 0 0.0973936 0.096689 
418000 0.000701181 0.0962751 0.000320105 0 0 0.0972963 0.0965952 
419000 0.000697802 0.0961835 0.000317936 0 0 0.0971991 0.0965014 
420000 0.00069446 0.0960922 0.000315798 0 0 0.0971023 0.096408 
421000 0.000691269 0.0960025 0.000313791 0 0 0.0970075 0.0963163 
422000 0.000688079 0.0959129 0.000311784 0 0 0.0969127 0.0962246 
423000 0.000684889 0.0958232 0.000309778 0 0 0.0968178 0.096133 
424000 0.000681698 0.0957335 0.000307771 0 0 0.096723 0.0960413 
425000 0.000678508 0.0956439 0.000305764 0 0 0.0966281 0.0959497 
426000 0.000675318 0.0955542 0.000303758 0 0 0.0965333 0.095858 
427000 0.000672128 0.0954646 0.000301751 0 0 0.0964384 0.0957664 
428000 0.000668937 0.0953749 0.000299744 0 0 0.0963436 0.0956747 
429000 0.000665922 0.0952872 0.000297885 0 0 0.096251 0.0955851 
430000 0.000662909 0.0951994 0.000296028 0 0 0.0961584 0.0954955 
431000 0.000659897 0.0951117 0.000294171 0 0 0.0960658 0.0954059 
432000 0.000656884 0.095024 0.000292314 0 0 0.0959733 0.0953164 
433000 0.000653872 0.0949363 0.000290458 0 0 0.0958807 0.0952268 
434000 0.000650859 0.0948486 0.000288601 0 0 0.0957881 0.0951372 
435000 0.000647847 0.0947609 0.000286744 0 0 0.0956955 0.0950477 
436000 0.000644834 0.0946731 0.000284887 0 0 0.095603 0.0949581 
437000 0.000641925 0.0945866 0.000283116 0 0 0.0955118 0.0948698 
438000 0.000639081 0.0945008 0.000281398 0 0 0.0954214 0.0947823 
439000 0.000636237 0.0944151 0.00027968 0 0 0.0953311 0.0946948 
440000 0.000633393 0.0943293 0.000277963 0 0 0.0952407 0.0946073 
441000 0.000630548 0.0942435 0.000276245 0 0 0.0951504 0.0945197 
442000 0.000627704 0.0941578 0.000274527 0 0 0.09506 0.0944322 
443000 0.00062486 0.094072 0.00027281 0 0 0.0949697 0.0943447 
444000 0.000622016 0.0939862 0.000271092 0 0 0.0948793 0.0942572 
445000 0.000619185 0.0939006 0.000269384 0 0 0.0947892 0.0941699 
446000 0.000616499 0.0938167 0.000267795 0 0 0.0947009 0.0940844 
447000 0.000613814 0.0937327 0.000266205 0 0 0.0946127 0.0939988 
448000 0.000611129 0.0936488 0.000264615 0 0 0.0945245 0.0939133 
449000 0.000608444 0.0935648 0.000263026 0 0 0.0944363 0.0938278 
450000 0.000605758 0.0934809 0.000261436 0 0 0.0943481 0.0937423 
451000 0.000603073 0.093397 0.000259847 0 0 0.0942599 0.0936567 
452000 0.000600388 0.093313 0.000258257 0 0 0.0941717 0.0935712 
453000 0.000597702 0.0932291 0.000256667 0 0 0.0940835 0.0934857 
454000 0.000595074 0.0931458 0.000255123 0 0 0.093996 0.0934009 
455000 0.000592539 0.0930637 0.000253652 0 0 0.0939099 0.0933173 
456000 0.000590004 0.0929816 0.000252181 0 0 0.0938238 0.0932338 
457000 0.000587469 0.0928995 0.00025071 0 0 0.0937377 0.0931502 
458000 0.000584934 0.0928174 0.000249239 0 0 0.0936516 0.0930666 
459000 0.000582398 0.0927352 0.000247768 0 0 0.0935655 0.0929831 
460000 0.000579863 0.0926531 0.000246297 0 0 0.0934794 0.0928995 
461000 0.000577328 0.092571 0.000244826 0 0 0.0933933 0.0928159 
462000 0.000574793 0.0924889 0.000243355 0 0 0.0933072 0.0927323 
463000 0.00057233 0.0924077 0.000241941 0 0 0.0932221 0.0926497 
464000 0.000569937 0.0923274 0.00024058 0 0 0.093138 0.092568 
465000 0.000567544 0.092247 0.000239218 0 0 0.0930539 0.0924864 
466000 0.00056515 0.0921667 0.000237857 0 0 0.0929699 0.0924046 
467000 0.000562757 0.0920864 0.000236496 0 0 0.0928858 0.092323 
468000 0.000560363 0.0920061 0.000235135 0 0 0.0928017 0.0922413 
469000 0.00055797 0.0919257 0.000233773 0 0 0.0927176 0.0921596 
470000 0.000555577 0.0918454 0.000232412 0 0 0.0926335 0.0920779 
471000 0.000553183 0.0917651 0.000231051 0 0 0.0925495 0.0919962 
472000 0.000550853 0.0916856 0.000229737 0 0 0.0924663 0.0919154 
473000 0.000548594 0.091607 0.000228478 0 0 0.0923842 0.0918355 
474000 0.000546334 0.0915284 0.000227218 0 0 0.0923021 0.0917557 
475000 0.000544075 0.0914499 0.000225958 0 0 0.09222 0.0916759 
476000 0.000541816 0.0913713 0.000224698 0 0 0.0921379 0.0915961 
477000 0.000539556 0.0912927 0.000223438 0 0 0.0920558 0.0915162 
478000 0.000537297 0.0912141 0.000222179 0 0 0.0919737 0.0914364 
479000 0.000535038 0.0911356 0.000220919 0 0 0.0918916 0.0913566 
480000 0.000532779 0.091057 0.000219659 0 0 0.0918095 0.0912767 
481000 0.000530551 0.0909788 0.000218423 0 0 0.0917279 0.0911974 
482000 0.000528418 0.090902 0.000217257 0 0 0.0916477 0.0911193 
483000 0.000526285 0.0908251 0.00021609 0 0 0.0915675 0.0910413 
484000 0.000524152 0.0907482 0.000214924 0 0 0.0914873 0.0909632 
485000 0.000522019 0.0906713 0.000213758 0 0 0.0914071 0.0908851 
486000 0.000519886 0.0905945 0.000212592 0 0 0.0913269 0.0908071 
487000 0.000517753 0.0905176 0.000211426 0 0 0.0912467 0.090729 
488000 0.00051562 0.0904407 0.00021026 0 0 0.0911665 0.090651 
489000 0.000513487 0.0903638 0.000209094 0 0 0.0910863 0.0905729 
490000 0.000511354 0.090287 0.000207928 0 0 0.0910061 0.0904949 
491000 0.000509322 0.0902115 0.000206835 0 0 0.0909275 0.0904183 
492000 0.000507309 0.0901362 0.000205756 0 0 0.0908492 0.090342 
493000 0.000505295 0.090061 0.000204676 0 0 0.0907709 0.0902657 
494000 0.000503282 0.0899858 0.000203597 0 0 0.0906926 0.0901894 
495000 0.000501268 0.0899105 0.000202517 0 0 0.0906143 0.0901131 
496000 0.000499255 0.0898353 0.000201437 0 0 0.090536 0.0900368 
497000 0.000497241 0.0897601 0.000200358 0 0 0.0904577 0.0899605 
498000 0.000495227 0.0896848 0.000199278 0 0 0.0903794 0.0898841 
499000 0.000493214 0.0896096 0.000198199 0 0 0.0903011 0.0898078 
500000 0.00049123 0.0895348 0.000197141 0 0 0.0902232 0.089732 
501000 0.00048933 0.0894612 0.000196141 0 0 0.0901468 0.0896574 
502000 0.000487429 0.0893876 0.000195142 0 0 0.0900703 0.0895828 
503000 0.000485528 0.089314 0.000194142 0 0 0.0899938 0.0895082 
504000 0.000483628 0.0892404 0.000193143 0 0 0.0899173 0.0894336 
505000 0.000481727 0.0891668 0.000192143 0 0 0.0898408 0.089359 
506000 0.000479826 0.0890932 0.000191144 0 0 0.0897643 0.0892844 
507000 0.000477926 0.0890196 0.000190145 0 0 0.0896878 0.0892098 
508000 0.000476025 0.088946 0.000189145 0 0 0.0896113 0.0891352 
509000 0.000474124 0.0888724 0.000188146 0 0 0.0895348 0.0890606 
510000 0.000472223 0.0887988 0.000187146 0 0 0.0894583 0.088986 
511000 0.000470323 0.0887252 0.000186147 0 0 0.0893818 0.0889114 
512000 0.000468422 0.0886516 0.000185147 0 0 0.0893053 0.0888368 
