#L    PhotonEnergy [eV]  XCOM:Rayleigh(coherent)[cm^/g]  XCOM:Compton(incoherent)[cm^/g]  XCOM:PhotoElectric[cm^/g]  XCOM:PairProduction(NuclearField)[cm^/g]  XCOM:PairProduction(ElectronField)[cm^/g]  XCOM:TotalCrossSection[cm^/g]  XCOM:TotalCrossSection-Coh[cm^/g]
0    0.    0.    0.    0.    0.    0.    0.
1000 1.33328 0.0134787 3698.64 0 0 3699.99 3698.65 
2000 1.10464 0.0423275 558.602 0 0 559.75 558.646 
3000 0.866283 0.0710848 182.716 0 0 183.653 182.787 
4000 0.673231 0.0942941 80.8749 0 0 81.6424 80.969 
5000 0.530748 0.111871 41.6148 0 0 42.2574 41.7266 
6000 0.428343 0.124986 24.0205 0 0 24.5738 24.1454 
7000 0.353763 0.134887 15.0274 0 0 15.516 15.1623 
8000 0.298302 0.142511 9.98046 0 0 10.4213 10.123 
9000 0.256108 0.148514 6.9405 0 0 7.34512 7.08901 
10000 0.223177 0.15337 5.00295 0 0 5.3795 5.15632 
11000 0.196943 0.157394 3.71774 0 0 4.07206 3.87513 
12000 0.175557 0.160782 2.8324 0 0 3.16874 2.99319 
13000 0.157767 0.163674 2.2026 0 0 2.52404 2.36627 
14000 0.142746 0.16617 1.74365 0 0 2.05257 1.90982 
15000 0.129891 0.168351 1.40138 0 0 1.69962 1.56973 
16000 0.118799 0.170269 1.14258 0 0 1.43165 1.31285 
17000 0.109108 0.171962 0.942543 0 0 1.22361 1.11451 
18000 0.100575 0.173453 0.785729 0 0 1.05976 0.95918 
19000 0.0930022 0.174765 0.661093 0 0 0.92886 0.835857 
20000 0.086252 0.175913 0.561187 0 0 0.823353 0.737101 
21000 0.0801966 0.176916 0.480073 0 0 0.737185 0.656987 
22000 0.0747405 0.177789 0.413515 0 0 0.666044 0.591303 
23000 0.0698025 0.178547 0.358311 0 0 0.606662 0.536858 
24000 0.0653412 0.179197 0.312579 0 0 0.557116 0.491775 
25000 0.0612815 0.179753 0.274095 0 0 0.51513 0.453849 
26000 0.0575786 0.180225 0.241529 0 0 0.479333 0.421755 
27000 0.0541929 0.180621 0.213806 0 0 0.448619 0.394427 
28000 0.0510891 0.180947 0.190061 0 0 0.422097 0.371008 
29000 0.0482359 0.18121 0.169609 0 0 0.399054 0.350818 
30000 0.0456199 0.181413 0.152043 0 0 0.379075 0.333456 
31000 0.0432026 0.181564 0.13673 0 0 0.361497 0.318294 
32000 0.0409615 0.181669 0.123294 0 0 0.345925 0.304963 
33000 0.0388971 0.181728 0.111622 0 0 0.332247 0.29335 
34000 0.0369761 0.181749 0.101289 0 0 0.320014 0.283038 
35000 0.0351954 0.181733 0.0921952 0 0 0.309123 0.273928 
36000 0.033535 0.181685 0.0841045 0 0 0.299324 0.265789 
37000 0.0319936 0.181605 0.0769547 0 0 0.290553 0.25856 
38000 0.0305475 0.1815 0.07052 0 0 0.282567 0.25202 
39000 0.0292049 0.181367 0.0648228 0 0 0.275395 0.24619 
40000 0.0279461 0.181212 0.0596948 0 0 0.268853 0.240907 
41000 0.0267632 0.181037 0.055059 0 0 0.262859 0.236096 
42000 0.0256559 0.180842 0.0508938 0 0 0.257391 0.231735 
43000 0.0246187 0.180628 0.0471462 0 0 0.252393 0.227774 
44000 0.0236413 0.1804 0.0437403 0 0 0.247781 0.22414 
45000 0.0227197 0.180157 0.0406414 0 0 0.243518 0.220798 
46000 0.0218503 0.179901 0.0378184 0 0 0.23957 0.21772 
47000 0.0210292 0.179634 0.0352431 0 0 0.235907 0.214877 
48000 0.0202538 0.179356 0.0328924 0 0 0.232503 0.212249 
49000 0.0195225 0.179068 0.0307513 0 0 0.229342 0.209819 
50000 0.0188297 0.178772 0.0287863 0 0 0.226388 0.207558 
51000 0.0181729 0.178467 0.0269804 0 0 0.223621 0.205448 
52000 0.0175495 0.178156 0.0253181 0 0 0.221023 0.203474 
53000 0.0169573 0.177838 0.0237857 0 0 0.218581 0.201623 
54000 0.0163943 0.177514 0.022371 0 0 0.216279 0.199885 
55000 0.0158584 0.177185 0.0210628 0 0 0.214106 0.198248 
56000 0.0153488 0.176851 0.0198544 0 0 0.212054 0.196705 
57000 0.0148644 0.176512 0.0187386 0 0 0.210115 0.195251 
58000 0.0144023 0.17617 0.017703 0 0 0.208275 0.193873 
59000 0.0139612 0.175823 0.01674 0 0 0.206524 0.192563 
60000 0.0135395 0.175474 0.0158431 0 0 0.204856 0.191317 
61000 0.0131361 0.175122 0.0150064 0 0 0.203264 0.190128 
62000 0.0127497 0.174767 0.0142245 0 0 0.201741 0.188991 
63000 0.0123792 0.17441 0.0134926 0 0 0.200282 0.187902 
64000 0.0120267 0.174051 0.0128156 0 0 0.198893 0.186866 
65000 0.0116893 0.17369 0.0121833 0 0 0.197562 0.185873 
66000 0.011365 0.173327 0.0115886 0 0 0.196281 0.184916 
67000 0.0110528 0.172964 0.0110285 0 0 0.195045 0.183992 
68000 0.0107523 0.1726 0.0105005 0 0 0.193852 0.1831 
69000 0.0104672 0.172234 0.0100141 0 0 0.192716 0.182248 
70000 0.0101921 0.171868 0.00955375 0 0 0.191614 0.181422 
71000 0.00992627 0.171502 0.00911731 0 0 0.190545 0.180619 
72000 0.0096702 0.171135 0.00870549 0 0 0.189511 0.179841 
73000 0.00942651 0.170768 0.00832402 0 0 0.188519 0.179092 
74000 0.00919035 0.170402 0.00796055 0 0 0.187553 0.178362 
75000 0.0089613 0.170035 0.00761385 0 0 0.18661 0.177649 
76000 0.00874333 0.169669 0.00729271 0 0 0.185705 0.176961 
77000 0.0085324 0.169303 0.00698729 0 0 0.184823 0.17629 
78000 0.00832719 0.168937 0.00669457 0 0 0.183959 0.175632 
79000 0.00813151 0.168572 0.00642253 0 0 0.183126 0.174995 
80000 0.00794199 0.168208 0.00616344 0 0 0.182313 0.174372 
81000 0.00775706 0.167844 0.00591394 0 0 0.181515 0.173758 
82000 0.00758146 0.167482 0.0056835 0 0 0.180747 0.173165 
83000 0.00741016 0.16712 0.00546153 0 0 0.179992 0.172582 
84000 0.00724382 0.166759 0.0052494 0 0 0.179252 0.172008 
85000 0.00708495 0.166399 0.00505163 0 0 0.178536 0.171451 
86000 0.00692911 0.16604 0.00485958 0 0 0.177829 0.1709 
87000 0.00677992 0.165683 0.00467989 0 0 0.177142 0.170362 
88000 0.0066349 0.165326 0.00450776 0 0 0.176469 0.169834 
89000 0.00649363 0.16497 0.00434241 0 0 0.175806 0.169313 
90000 0.00635849 0.164616 0.0041878 0 0 0.175163 0.168804 
91000 0.00622525 0.164263 0.0040365 0 0 0.174525 0.168299 
92000 0.00609859 0.163912 0.00389645 0 0 0.173907 0.167808 
93000 0.00597393 0.163561 0.00375969 0 0 0.173295 0.167321 
94000 0.00585402 0.163212 0.00363079 0 0 0.172697 0.166843 
95000 0.00573721 0.162864 0.00350684 0 0 0.172108 0.166371 
96000 0.0056237 0.162518 0.00338821 0 0 0.17153 0.165906 
97000 0.00551405 0.162173 0.00327558 0 0 0.170963 0.165449 
98000 0.00540661 0.161829 0.00316642 0 0 0.170402 0.164996 
99000 0.00530348 0.161488 0.00306378 0 0 0.169855 0.164551 
100000 0.00520179 0.161147 0.00296332 0 0 0.169311 0.16411 
101000 0.00510465 0.160808 0.00286951 0 0 0.168782 0.163677 
102000 0.00500844 0.16047 0.00277708 0 0 0.168255 0.163247 
103000 0.00491666 0.160134 0.00269101 0 0 0.167742 0.162825 
104000 0.00482555 0.159798 0.00260589 0 0 0.16723 0.162404 
105000 0.00473875 0.159466 0.00252673 0 0 0.166731 0.161993 
106000 0.00465257 0.159134 0.00244844 0 0 0.166234 0.161582 
107000 0.00457029 0.158804 0.00237538 0 0 0.16575 0.161179 
108000 0.00448877 0.158475 0.00230334 0 0 0.165267 0.160778 
109000 0.00441057 0.158148 0.00223565 0 0 0.164794 0.160384 
110000 0.0043334 0.157822 0.00216933 0 0 0.164325 0.159991 
111000 0.00425893 0.157498 0.00210644 0 0 0.163863 0.159605 
112000 0.00418594 0.157176 0.00204543 0 0 0.163407 0.159221 
113000 0.00411488 0.156854 0.00198679 0 0 0.162956 0.158841 
114000 0.00404584 0.156535 0.00193064 0 0 0.162511 0.158466 
115000 0.00397787 0.156216 0.00187577 0 0 0.16207 0.158092 
116000 0.00391255 0.1559 0.0018241 0 0 0.161637 0.157724 
117000 0.00384739 0.155585 0.00177261 0 0 0.161204 0.157357 
118000 0.00378562 0.155272 0.00172506 0 0 0.160782 0.156997 
119000 0.00372384 0.154959 0.00167751 0 0 0.160361 0.156637 
120000 0.00366458 0.154649 0.00163283 0 0 0.159947 0.156282 
121000 0.00360612 0.15434 0.00158905 0 0 0.159535 0.155929 
122000 0.00354902 0.154032 0.00154678 0 0 0.159128 0.155579 
123000 0.00349375 0.153727 0.0015065 0 0 0.158727 0.155233 
124000 0.00343862 0.153421 0.00146639 0 0 0.158326 0.154887 
125000 0.00338636 0.153119 0.00142933 0 0 0.157935 0.154548 
126000 0.0033341 0.152817 0.00139227 0 0 0.157543 0.154209 
127000 0.00328362 0.152517 0.00135706 0 0 0.157158 0.153874 
128000 0.00323419 0.152219 0.00132295 0 0 0.156776 0.153542 
129000 0.00318518 0.151921 0.00128927 0 0 0.156395 0.15321 
130000 0.00313844 0.151626 0.00125788 0 0 0.156022 0.152884 
131000 0.00309169 0.151331 0.00122648 0 0 0.155649 0.152557 
132000 0.00304656 0.151038 0.00119668 0 0 0.155281 0.152235 
133000 0.00300236 0.150747 0.00116779 0 0 0.154917 0.151915 
134000 0.00295832 0.150456 0.00113905 0 0 0.154553 0.151595 
135000 0.00291653 0.150168 0.00111246 0 0 0.154197 0.151281 
136000 0.00287475 0.149881 0.00108588 0 0 0.153841 0.150967 
137000 0.00283399 0.149595 0.00106025 0 0 0.153489 0.150655 
138000 0.00279448 0.149311 0.00103578 0 0 0.153141 0.150347 
139000 0.00275497 0.149027 0.00101131 0 0 0.152793 0.150038 
140000 0.00271715 0.148746 0.000988358 0 0 0.152452 0.149734 
141000 0.00267979 0.148466 0.000965838 0 0 0.152112 0.149432 
142000 0.00264256 0.148186 0.00094342 0 0 0.151772 0.149129 
143000 0.00260726 0.14791 0.000922698 0 0 0.15144 0.148832 
144000 0.00257196 0.147633 0.000901976 0 0 0.151107 0.148535 
145000 0.0025372 0.147358 0.000881715 0 0 0.150777 0.14824 
146000 0.00250381 0.147085 0.000862634 0 0 0.150452 0.147948 
147000 0.00247043 0.146812 0.000843553 0 0 0.150126 0.147656 
148000 0.00243788 0.146541 0.00082516 0 0 0.149804 0.147367 
149000 0.00240633 0.146272 0.000807602 0 0 0.149486 0.14708 
150000 0.00237478 0.146003 0.000790044 0 0 0.149168 0.146794 
151000 0.00234421 0.145737 0.000773277 0 0 0.148854 0.14651 
152000 0.00231439 0.145471 0.000757114 0 0 0.148543 0.146229 
153000 0.00228456 0.145206 0.000740951 0 0 0.148232 0.145947 
154000 0.00225577 0.144943 0.000725595 0 0 0.147925 0.145669 
155000 0.00222759 0.144682 0.000710721 0 0 0.14762 0.145393 
156000 0.00219941 0.144421 0.000695848 0 0 0.147316 0.145117 
157000 0.0021722 0.144162 0.000681716 0 0 0.147016 0.144843 
158000 0.00214556 0.143904 0.000668026 0 0 0.146718 0.144572 
159000 0.00211893 0.143647 0.000654336 0 0 0.14642 0.144301 
160000 0.00209313 0.143391 0.000641265 0 0 0.146126 0.144032 
161000 0.00206796 0.143137 0.000628662 0 0 0.145834 0.143766 
162000 0.00204279 0.142884 0.000616059 0 0 0.145542 0.1435 
163000 0.00201824 0.142632 0.000603909 0 0 0.145254 0.143235 
164000 0.00199445 0.142382 0.000592309 0 0 0.144968 0.142974 
165000 0.00197066 0.142132 0.000580709 0 0 0.144683 0.142712 
166000 0.00194724 0.141883 0.000569363 0 0 0.144399 0.142452 
167000 0.00192477 0.141637 0.000558689 0 0 0.14412 0.142195 
168000 0.0019023 0.14139 0.000548014 0 0 0.143841 0.141938 
169000 0.00187986 0.141144 0.000537368 0 0 0.143562 0.141682 
170000 0.00185862 0.140902 0.000527538 0 0 0.143288 0.14143 
171000 0.00183738 0.14066 0.000517709 0 0 0.143015 0.141177 
172000 0.00181614 0.140417 0.00050788 0 0 0.142741 0.140925 
173000 0.00179576 0.140178 0.000498624 0 0 0.142472 0.140676 
174000 0.0017757 0.13994 0.000489581 0 0 0.142205 0.140429 
175000 0.00175564 0.139701 0.000480537 0 0 0.141937 0.140182 
176000 0.00173598 0.139464 0.000471753 0 0 0.141672 0.139936 
177000 0.00171702 0.139229 0.000463427 0 0 0.14141 0.139693 
178000 0.00169806 0.138995 0.000455101 0 0 0.141148 0.13945 
179000 0.0016791 0.13876 0.000446775 0 0 0.140886 0.139207 
180000 0.00166112 0.138529 0.000439062 0 0 0.140629 0.138968 
181000 0.00164321 0.138298 0.000431397 0 0 0.140373 0.13873 
182000 0.00162529 0.138067 0.000423733 0 0 0.140116 0.138491 
183000 0.00160781 0.137838 0.000416328 0 0 0.139862 0.138255 
184000 0.00159089 0.137611 0.000409273 0 0 0.139611 0.138021 
185000 0.00157397 0.137384 0.000402219 0 0 0.13936 0.137787 
186000 0.00155706 0.137157 0.000395164 0 0 0.139109 0.137553 
187000 0.00154094 0.136934 0.000388589 0 0 0.138863 0.137322 
188000 0.00152496 0.13671 0.000382095 0 0 0.138617 0.137093 
189000 0.00150898 0.136487 0.000375601 0 0 0.138372 0.136863 
190000 0.00149319 0.136265 0.000369218 0 0 0.138127 0.136634 
191000 0.00147809 0.136045 0.000363239 0 0 0.137887 0.136409 
192000 0.00146299 0.135826 0.00035726 0 0 0.137646 0.136183 
193000 0.00144789 0.135607 0.00035128 0 0 0.137406 0.135958 
194000 0.00143322 0.135389 0.000345542 0 0 0.137168 0.135735 
195000 0.00141896 0.135173 0.000340039 0 0 0.136932 0.135513 
196000 0.0014047 0.134958 0.000334536 0 0 0.136697 0.135292 
197000 0.00139044 0.134742 0.000329033 0 0 0.136462 0.135071 
198000 0.00137676 0.134529 0.000323844 0 0 0.13623 0.134853 
199000 0.00136329 0.134317 0.000318777 0 0 0.136 0.134636 
200000 0.00134982 0.134106 0.000313709 0 0 0.135769 0.134419 
201000 0.00133635 0.133894 0.000308642 0 0 0.135539 0.134202 
202000 0.00132353 0.133685 0.000303922 0 0 0.135313 0.133989 
203000 0.00131081 0.133477 0.000299258 0 0 0.135087 0.133776 
204000 0.00129809 0.133269 0.000294593 0 0 0.134862 0.133563 
205000 0.00128537 0.133061 0.000289928 0 0 0.134636 0.133351 
206000 0.00127331 0.132856 0.000285607 0 0 0.134415 0.133142 
207000 0.00126129 0.132651 0.00028131 0 0 0.134194 0.132933 
208000 0.00124928 0.132447 0.000277014 0 0 0.133973 0.132724 
209000 0.00123726 0.132242 0.000272718 0 0 0.133753 0.132515 
210000 0.00122586 0.132041 0.000268736 0 0 0.133536 0.13231 
211000 0.00121452 0.131841 0.000264781 0 0 0.13332 0.132105 
212000 0.00120317 0.13164 0.000260826 0 0 0.133104 0.131901 
213000 0.00119182 0.131439 0.000256871 0 0 0.132888 0.131696 
214000 0.001181 0.131241 0.000253177 0 0 0.132675 0.131494 
215000 0.00117029 0.131044 0.000249535 0 0 0.132464 0.131294 
216000 0.00115957 0.130847 0.000245893 0 0 0.132252 0.131093 
217000 0.00114886 0.13065 0.000242251 0 0 0.132041 0.130892 
218000 0.00113854 0.130455 0.000238801 0 0 0.131832 0.130694 
219000 0.00112842 0.130261 0.000235446 0 0 0.131625 0.130497 
220000 0.0011183 0.130068 0.000232092 0 0 0.131418 0.1303 
221000 0.00110818 0.129874 0.000228738 0 0 0.131211 0.130103 
222000 0.00109829 0.129682 0.000225495 0 0 0.131006 0.129907 
223000 0.00108874 0.129492 0.000222407 0 0 0.130803 0.129714 
224000 0.00107918 0.129302 0.000219318 0 0 0.1306 0.129521 
225000 0.00106963 0.129112 0.00021623 0 0 0.130398 0.129328 
226000 0.00106012 0.128922 0.000213162 0 0 0.130195 0.129135 
227000 0.00105109 0.128735 0.000210317 0 0 0.129997 0.128946 
228000 0.00104207 0.128549 0.000207472 0 0 0.129798 0.128756 
229000 0.00103304 0.128362 0.000204627 0 0 0.1296 0.128567 
230000 0.00102402 0.128176 0.000201782 0 0 0.129402 0.128377 
231000 0.00101533 0.127991 0.000199087 0 0 0.129206 0.12819 
232000 0.00100681 0.127808 0.000196467 0 0 0.129012 0.128005 
233000 0.000998284 0.127625 0.000193847 0 0 0.128817 0.127819 
234000 0.000989762 0.127442 0.000191228 0 0 0.128623 0.127633 
235000 0.000981318 0.127259 0.000188641 0 0 0.12843 0.127448 
236000 0.00097327 0.12708 0.000186227 0 0 0.128239 0.127266 
237000 0.000965221 0.1269 0.000183813 0 0 0.128049 0.127084 
238000 0.000957173 0.12672 0.000181399 0 0 0.127859 0.126902 
239000 0.000949124 0.126541 0.000178985 0 0 0.127669 0.12672 
240000 0.000941334 0.126363 0.000176681 0 0 0.127481 0.126539 
241000 0.000933736 0.126187 0.000174458 0 0 0.127295 0.126361 
242000 0.000926139 0.12601 0.000172235 0 0 0.127108 0.126182 
243000 0.000918541 0.125834 0.000170012 0 0 0.126922 0.126004 
244000 0.000910943 0.125658 0.000167789 0 0 0.126736 0.125825 
245000 0.000903722 0.125484 0.000165721 0 0 0.126554 0.12565 
246000 0.000896547 0.125311 0.000163673 0 0 0.126371 0.125475 
247000 0.000889371 0.125138 0.000161624 0 0 0.126189 0.1253 
248000 0.000882196 0.124965 0.000159576 0 0 0.126007 0.125125 
249000 0.000875068 0.124792 0.000157546 0 0 0.125825 0.12495 
250000 0.000868292 0.124623 0.000155659 0 0 0.125647 0.124778 
251000 0.000861516 0.124453 0.000153772 0 0 0.125468 0.124607 
252000 0.000854741 0.124283 0.000151885 0 0 0.12529 0.124435 
253000 0.000847965 0.124114 0.000149997 0 0 0.125112 0.124264 
254000 0.000841284 0.123945 0.000148147 0 0 0.124934 0.124093 
255000 0.000834887 0.123778 0.000146408 0 0 0.12476 0.123925 
256000 0.000828489 0.123612 0.000144669 0 0 0.124585 0.123756 
257000 0.000822091 0.123445 0.00014293 0 0 0.12441 0.123588 
258000 0.000815694 0.123279 0.000141191 0 0 0.124236 0.12342 
259000 0.0008094 0.123113 0.000139492 0 0 0.124062 0.123253 
260000 0.000803361 0.12295 0.000137889 0 0 0.123891 0.123088 
261000 0.000797322 0.122787 0.000136287 0 0 0.12372 0.122923 
262000 0.000791282 0.122624 0.000134685 0 0 0.123549 0.122758 
263000 0.000785243 0.12246 0.000133083 0 0 0.123379 0.122593 
264000 0.000779282 0.122298 0.000131509 0 0 0.123208 0.122429 
265000 0.000773579 0.122138 0.000130033 0 0 0.123041 0.122267 
266000 0.000767876 0.121977 0.000128556 0 0 0.122874 0.122106 
267000 0.000762173 0.121817 0.000127079 0 0 0.122707 0.121944 
268000 0.00075647 0.121657 0.000125602 0 0 0.122539 0.121783 
269000 0.000750791 0.121497 0.000124134 0 0 0.122372 0.121621 
270000 0.000745406 0.12134 0.000122772 0 0 0.122208 0.121463 
271000 0.000740021 0.121183 0.000121411 0 0 0.122045 0.121305 
272000 0.000734636 0.121026 0.00012005 0 0 0.121881 0.121146 
273000 0.000729251 0.120869 0.000118689 0 0 0.121717 0.120988 
274000 0.000723865 0.120712 0.000117328 0 0 0.121553 0.12083 
275000 0.000718727 0.120558 0.000116054 0 0 0.121392 0.120674 
276000 0.000713644 0.120404 0.000114799 0 0 0.121232 0.120519 
277000 0.000708561 0.12025 0.000113544 0 0 0.121072 0.120364 
278000 0.000703478 0.120096 0.00011229 0 0 0.120912 0.120208 
279000 0.000698395 0.119942 0.000111035 0 0 0.120752 0.120053 
280000 0.000693441 0.11979 0.000109825 0 0 0.120593 0.119899 
281000 0.000688642 0.119639 0.000108669 0 0 0.120436 0.119747 
282000 0.000683842 0.119488 0.000107512 0 0 0.120279 0.119595 
283000 0.000679043 0.119337 0.000106355 0 0 0.120122 0.119443 
284000 0.000674244 0.119186 0.000105199 0 0 0.119966 0.119291 
285000 0.000669444 0.119035 0.000104042 0 0 0.119809 0.119139 
286000 0.000664911 0.118887 0.000102975 0 0 0.119655 0.11899 
287000 0.00066038 0.118739 0.000101909 0 0 0.119502 0.118841 
288000 0.000655849 0.118591 0.000100843 0 0 0.119348 0.118692 
289000 0.000651318 0.118444 9.97762E-005 0 0 0.119195 0.118543 
290000 0.000646787 0.118296 9.87099E-005 0 0 0.119041 0.118395 
291000 0.000642362 0.118149 9.76783E-005 0 0 0.118889 0.118247 
292000 0.000638084 0.118004 9.6695E-005 0 0 0.118739 0.118101 
293000 0.000633806 0.117859 9.57117E-005 0 0 0.118589 0.117955 
294000 0.000629528 0.117714 9.47285E-005 0 0 0.118439 0.117809 
295000 0.00062525 0.117569 9.37452E-005 0 0 0.118288 0.117663 
296000 0.000620972 0.117424 9.27619E-005 0 0 0.118138 0.117517 
297000 0.00061687 0.117281 9.1835E-005 0 0 0.11799 0.117373 
298000 0.000612832 0.117139 9.09284E-005 0 0 0.117843 0.11723 
299000 0.000608794 0.116997 9.00217E-005 0 0 0.117696 0.117087 
300000 0.000604755 0.116855 8.9115E-005 0 0 0.117549 0.116944 
301000 0.000600717 0.116713 8.82084E-005 0 0 0.117402 0.116802 
302000 0.000596678 0.116571 8.73017E-005 0 0 0.117255 0.116659 
303000 0.000592853 0.116432 8.64615E-005 0 0 0.117111 0.116518 
304000 0.000589041 0.116293 8.56254E-005 0 0 0.116967 0.116378 
305000 0.000585229 0.116153 8.47892E-005 0 0 0.116824 0.116238 
306000 0.000581416 0.116014 8.39531E-005 0 0 0.11668 0.116098 
307000 0.000577604 0.115875 8.31169E-005 0 0 0.116536 0.115958 
308000 0.0005738 0.115736 8.22832E-005 0 0 0.116392 0.115818 
309000 0.0005702 0.1156 8.15119E-005 0 0 0.116251 0.115681 
310000 0.000566601 0.115463 8.07406E-005 0 0 0.116111 0.115544 
311000 0.000563002 0.115327 7.99692E-005 0 0 0.11597 0.115407 
312000 0.000559403 0.115191 7.91979E-005 0 0 0.115829 0.11527 
313000 0.000555804 0.115054 7.84266E-005 0 0 0.115689 0.115133 
314000 0.000552208 0.114918 7.76563E-005 0 0 0.115548 0.114996 
315000 0.000548811 0.114784 7.69449E-005 0 0 0.11541 0.114861 
316000 0.000545414 0.114651 7.62336E-005 0 0 0.115273 0.114727 
317000 0.000542017 0.114517 7.55223E-005 0 0 0.115135 0.114593 
318000 0.00053862 0.114384 7.48109E-005 0 0 0.114997 0.114459 
319000 0.000535223 0.11425 7.40996E-005 0 0 0.114859 0.114324 
320000 0.000531825 0.114117 7.33883E-005 0 0 0.114722 0.11419 
321000 0.000528595 0.113985 7.2725E-005 0 0 0.114587 0.114058 
322000 0.000525387 0.113855 7.20686E-005 0 0 0.114452 0.113927 
323000 0.00052218 0.113724 7.14122E-005 0 0 0.114317 0.113795 
324000 0.000518973 0.113593 7.07558E-005 0 0 0.114183 0.113664 
325000 0.000515765 0.113462 7.00994E-005 0 0 0.114048 0.113532 
326000 0.000512558 0.113331 6.9443E-005 0 0 0.113913 0.113401 
327000 0.000509462 0.113202 6.88179E-005 0 0 0.11378 0.113271 
328000 0.000506434 0.113074 6.82123E-005 0 0 0.113649 0.113142 
329000 0.000503406 0.112946 6.76066E-005 0 0 0.113517 0.113013 
330000 0.000500378 0.112818 6.70009E-005 0 0 0.113385 0.112885 
331000 0.000497351 0.11269 6.63953E-005 0 0 0.113253 0.112756 
332000 0.000494323 0.112562 6.57896E-005 0 0 0.113122 0.112627 
333000 0.000491336 0.112434 6.5195E-005 0 0 0.112991 0.112499 
334000 0.000488478 0.112309 6.46361E-005 0 0 0.112862 0.112373 
335000 0.00048562 0.112183 6.40773E-005 0 0 0.112733 0.112247 
336000 0.000482763 0.112058 6.35185E-005 0 0 0.112604 0.112121 
337000 0.000479905 0.111932 6.29596E-005 0 0 0.112475 0.111995 
338000 0.000477048 0.111807 6.24008E-005 0 0 0.112347 0.111869 
339000 0.00047419 0.111682 6.1842E-005 0 0 0.112218 0.111743 
340000 0.000471449 0.111558 6.13145E-005 0 0 0.112091 0.111619 
341000 0.000468751 0.111435 6.07987E-005 0 0 0.111965 0.111496 
342000 0.000466053 0.111313 6.02829E-005 0 0 0.111839 0.111373 
343000 0.000463356 0.11119 5.97671E-005 0 0 0.111713 0.11125 
344000 0.000460658 0.111067 5.92513E-005 0 0 0.111587 0.111126 
345000 0.00045796 0.110944 5.87355E-005 0 0 0.111461 0.111003 
346000 0.000455277 0.110822 5.82235E-005 0 0 0.111335 0.11088 
347000 0.000452731 0.110702 5.77475E-005 0 0 0.111212 0.110759 
348000 0.000450185 0.110581 5.72715E-005 0 0 0.111089 0.110639 
349000 0.000447639 0.110461 5.67954E-005 0 0 0.110966 0.110518 
350000 0.000445093 0.110341 5.63194E-005 0 0 0.110842 0.110397 
351000 0.000442547 0.110221 5.58433E-005 0 0 0.110719 0.110277 
352000 0.000440001 0.110101 5.53673E-005 0 0 0.110596 0.110156 
353000 0.000437502 0.109981 5.49034E-005 0 0 0.110474 0.110036 
354000 0.000435098 0.109864 5.44639E-005 0 0 0.110353 0.109918 
355000 0.000432695 0.109746 5.40243E-005 0 0 0.110233 0.1098 
356000 0.000430291 0.109629 5.35848E-005 0 0 0.110112 0.109682 
357000 0.000427887 0.109511 5.31453E-005 0 0 0.109992 0.109564 
358000 0.000425483 0.109393 5.27057E-005 0 0 0.109871 0.109446 
359000 0.000423079 0.109276 5.22662E-005 0 0 0.109751 0.109328 
360000 0.000420735 0.109159 5.18414E-005 0 0 0.109632 0.109211 
361000 0.000418467 0.109044 5.14357E-005 0 0 0.109514 0.109096 
362000 0.000416199 0.108929 5.103E-005 0 0 0.109396 0.10898 
363000 0.000413931 0.108814 5.06242E-005 0 0 0.109279 0.108865 
364000 0.000411663 0.108699 5.02185E-005 0 0 0.109161 0.108749 
365000 0.000409395 0.108584 4.98128E-005 0 0 0.109043 0.108634 
366000 0.000407127 0.108469 4.9407E-005 0 0 0.108925 0.108518 
367000 0.00040491 0.108355 4.90139E-005 0 0 0.108809 0.108404 
368000 0.000402768 0.108242 4.86392E-005 0 0 0.108694 0.108291 
369000 0.000400626 0.10813 4.82644E-005 0 0 0.108578 0.108178 
370000 0.000398484 0.108017 4.78897E-005 0 0 0.108463 0.108065 
371000 0.000396342 0.107904 4.75149E-005 0 0 0.108348 0.107952 
372000 0.0003942 0.107792 4.71402E-005 0 0 0.108233 0.107839 
373000 0.000392059 0.107679 4.67654E-005 0 0 0.108118 0.107726 
374000 0.000389946 0.107567 4.63976E-005 0 0 0.108003 0.107613 
375000 0.000387925 0.107457 4.60515E-005 0 0 0.107891 0.107503 
376000 0.000385904 0.107347 4.57055E-005 0 0 0.107778 0.107392 
377000 0.000383883 0.107237 4.53594E-005 0 0 0.107666 0.107282 
378000 0.000381862 0.107126 4.50134E-005 0 0 0.107553 0.107171 
379000 0.000379841 0.107016 4.46673E-005 0 0 0.107441 0.107061 
380000 0.00037782 0.106906 4.43213E-005 0 0 0.107328 0.10695 
381000 0.000375799 0.106796 4.39753E-005 0 0 0.107216 0.10684 
382000 0.000373883 0.106688 4.36538E-005 0 0 0.107106 0.106732 
383000 0.000371976 0.10658 4.33342E-005 0 0 0.106996 0.106624 
384000 0.000370068 0.106473 4.30146E-005 0 0 0.106886 0.106516 
385000 0.000368161 0.106365 4.2695E-005 0 0 0.106776 0.106408 
386000 0.000366253 0.106257 4.23753E-005 0 0 0.106666 0.1063 
387000 0.000364345 0.106149 4.20557E-005 0 0 0.106556 0.106192 
388000 0.000362438 0.106042 4.17361E-005 0 0 0.106446 0.106084 
389000 0.000360582 0.105935 4.14282E-005 0 0 0.106337 0.105977 
390000 0.000358781 0.10583 4.11329E-005 0 0 0.10623 0.105871 
391000 0.000356981 0.105724 4.08377E-005 0 0 0.106122 0.105765 
392000 0.000355181 0.105619 4.05424E-005 0 0 0.106015 0.10566 
393000 0.00035338 0.105514 4.02471E-005 0 0 0.105907 0.105554 
394000 0.00035158 0.105408 3.99519E-005 0 0 0.1058 0.105448 
395000 0.000349779 0.105303 3.96566E-005 0 0 0.105693 0.105343 
396000 0.000347979 0.105198 3.93613E-005 0 0 0.105585 0.105237 
397000 0.000346268 0.105094 3.90859E-005 0 0 0.10548 0.105133 
398000 0.000344569 0.104991 3.88131E-005 0 0 0.105375 0.10503 
399000 0.00034287 0.104888 3.85403E-005 0 0 0.10527 0.104927 
400000 0.00034117 0.104785 3.82674E-005 0 0 0.105165 0.104823 
401000 0.000339471 0.104682 3.79946E-005 0 0 0.10506 0.10472 
402000 0.000337772 0.104579 3.77218E-005 0 0 0.104955 0.104617 
403000 0.000336073 0.104476 3.7449E-005 0 0 0.10485 0.104514 
404000 0.000334386 0.104373 3.7179E-005 0 0 0.104745 0.104411 
405000 0.000332782 0.104273 3.69269E-005 0 0 0.104642 0.10431 
406000 0.000331178 0.104172 3.66748E-005 0 0 0.10454 0.104209 
407000 0.000329575 0.104071 3.64227E-005 0 0 0.104437 0.104108 
408000 0.000327971 0.10397 3.61705E-005 0 0 0.104335 0.104007 
409000 0.000326367 0.10387 3.59184E-005 0 0 0.104232 0.103906 
410000 0.000324763 0.103769 3.56663E-005 0 0 0.104129 0.103805 
411000 0.000323159 0.103668 3.54142E-005 0 0 0.104027 0.103704 
412000 0.000321576 0.103568 3.51667E-005 0 0 0.103925 0.103603 
413000 0.000320063 0.103469 3.49338E-005 0 0 0.103824 0.103504 
414000 0.000318549 0.103371 3.47009E-005 0 0 0.103724 0.103406 
415000 0.000317035 0.103272 3.4468E-005 0 0 0.103624 0.103307 
416000 0.000315522 0.103174 3.42351E-005 0 0 0.103524 0.103208 
417000 0.000314008 0.103075 3.40022E-005 0 0 0.103423 0.103109 
418000 0.000312494 0.102977 3.37693E-005 0 0 0.103323 0.103011 
419000 0.000310981 0.102878 3.35364E-005 0 0 0.103223 0.102912 
420000 0.000309483 0.10278 3.33069E-005 0 0 0.103123 0.102814 
421000 0.000308054 0.102684 3.30917E-005 0 0 0.103025 0.102717 
422000 0.000306626 0.102588 3.28765E-005 0 0 0.102927 0.102621 
423000 0.000305197 0.102491 3.26613E-005 0 0 0.102829 0.102524 
424000 0.000303769 0.102395 3.24462E-005 0 0 0.102731 0.102427 
425000 0.00030234 0.102299 3.2231E-005 0 0 0.102633 0.102331 
426000 0.000300911 0.102202 3.20158E-005 0 0 0.102535 0.102234 
427000 0.000299483 0.102106 3.18006E-005 0 0 0.102437 0.102138 
428000 0.000298054 0.10201 3.15854E-005 0 0 0.102339 0.102041 
429000 0.000296704 0.101915 3.13863E-005 0 0 0.102243 0.101947 
430000 0.000295356 0.101821 3.11875E-005 0 0 0.102148 0.101852 
431000 0.000294007 0.101727 3.09887E-005 0 0 0.102052 0.101758 
432000 0.000292659 0.101633 3.07898E-005 0 0 0.101956 0.101664 
433000 0.00029131 0.101538 3.0591E-005 0 0 0.10186 0.101569 
434000 0.000289962 0.101444 3.03922E-005 0 0 0.101765 0.101475 
435000 0.000288613 0.10135 3.01934E-005 0 0 0.101669 0.10138 
436000 0.000287265 0.101256 2.99946E-005 0 0 0.101573 0.101286 
437000 0.000285963 0.101163 2.9805E-005 0 0 0.101479 0.101193 
438000 0.000284691 0.101071 2.96214E-005 0 0 0.101385 0.1011 
439000 0.000283418 0.100979 2.94377E-005 0 0 0.101292 0.101008 
440000 0.000282146 0.100886 2.92541E-005 0 0 0.101198 0.100916 
441000 0.000280873 0.100794 2.90704E-005 0 0 0.101104 0.100823 
442000 0.000279601 0.100702 2.88868E-005 0 0 0.101011 0.100731 
443000 0.000278328 0.10061 2.87031E-005 0 0 0.100917 0.100639 
444000 0.000277056 0.100518 2.85194E-005 0 0 0.100824 0.100546 
445000 0.000275789 0.100426 2.83369E-005 0 0 0.10073 0.100454 
446000 0.000274588 0.100336 2.81672E-005 0 0 0.100639 0.100364 
447000 0.000273387 0.100246 2.79975E-005 0 0 0.100547 0.100274 
448000 0.000272185 0.100156 2.78278E-005 0 0 0.100456 0.100183 
449000 0.000270984 0.100065 2.76582E-005 0 0 0.100364 0.100093 
450000 0.000269783 0.0999753 2.74885E-005 0 0 0.100273 0.100003 
451000 0.000268582 0.0998851 2.73188E-005 0 0 0.100181 0.0999123 
452000 0.000267381 0.099795 2.71491E-005 0 0 0.100089 0.099822 
453000 0.000266179 0.0997048 2.69794E-005 0 0 0.099998 0.0997317 
454000 0.000265004 0.0996154 2.68146E-005 0 0 0.0999072 0.0996422 
455000 0.00026387 0.0995272 2.66579E-005 0 0 0.0998178 0.0995538 
456000 0.000262737 0.099439 2.65011E-005 0 0 0.0997283 0.0994655 
457000 0.000261603 0.0993509 2.63443E-005 0 0 0.0996389 0.0993772 
458000 0.00026047 0.0992627 2.61876E-005 0 0 0.0995494 0.0992889 
459000 0.000259336 0.0991745 2.60308E-005 0 0 0.09946 0.0992006 
460000 0.000258203 0.0990863 2.58741E-005 0 0 0.0993705 0.0991122 
461000 0.000257069 0.0989981 2.57173E-005 0 0 0.0992811 0.0990239 
462000 0.000255935 0.0989099 2.55605E-005 0 0 0.0991916 0.0989356 
463000 0.000254835 0.0988227 2.54099E-005 0 0 0.0991032 0.0988483 
464000 0.000253765 0.0987365 2.52651E-005 0 0 0.0990157 0.0987619 
465000 0.000252695 0.0986502 2.51202E-005 0 0 0.0989283 0.0986755 
466000 0.000251625 0.098564 2.49754E-005 0 0 0.0988408 0.0985891 
467000 0.000250555 0.0984778 2.48306E-005 0 0 0.0987533 0.0985027 
468000 0.000249485 0.0983915 2.46857E-005 0 0 0.0986659 0.0984162 
469000 0.000248415 0.0983052 2.45409E-005 0 0 0.0985784 0.0983298 
470000 0.000247346 0.098219 2.43961E-005 0 0 0.0984909 0.0982434 
471000 0.000246276 0.0981328 2.42513E-005 0 0 0.0984035 0.098157 
472000 0.000245234 0.0980474 2.41116E-005 0 0 0.0983169 0.0980715 
473000 0.000244225 0.097963 2.39778E-005 0 0 0.0982314 0.097987 
474000 0.000243215 0.0978787 2.3844E-005 0 0 0.0981459 0.0979026 
475000 0.000242205 0.0977943 2.37102E-005 0 0 0.0980604 0.0978181 
476000 0.000241196 0.0977099 2.35765E-005 0 0 0.0979749 0.0977336 
477000 0.000240186 0.0976256 2.34427E-005 0 0 0.0978894 0.0976491 
478000 0.000239176 0.0975412 2.33089E-005 0 0 0.0978039 0.0975647 
479000 0.000238167 0.0974569 2.31751E-005 0 0 0.0977184 0.0974802 
480000 0.000237157 0.0973725 2.30413E-005 0 0 0.0976329 0.0973957 
481000 0.000236162 0.0972886 2.291E-005 0 0 0.0975479 0.0973117 
482000 0.000235209 0.0972061 2.27864E-005 0 0 0.0974642 0.097229 
483000 0.000234256 0.0971235 2.26628E-005 0 0 0.0973806 0.0971463 
484000 0.000233303 0.097041 2.25392E-005 0 0 0.0972969 0.0970637 
485000 0.00023235 0.0969585 2.24156E-005 0 0 0.0972133 0.096981 
486000 0.000231397 0.096876 2.22919E-005 0 0 0.0971297 0.0968983 
487000 0.000230444 0.0967935 2.21683E-005 0 0 0.097046 0.0968156 
488000 0.000229491 0.0967109 2.20447E-005 0 0 0.0969624 0.096733 
489000 0.000228538 0.0966284 2.19211E-005 0 0 0.0968787 0.0966503 
490000 0.000227585 0.0965459 2.17975E-005 0 0 0.0967951 0.0965676 
491000 0.000226678 0.0964649 2.16818E-005 0 0 0.0967131 0.0964865 
492000 0.000225778 0.0963841 2.15676E-005 0 0 0.0966313 0.0964056 
493000 0.000224879 0.0963033 2.14534E-005 0 0 0.0965496 0.0963248 
494000 0.00022398 0.0962225 2.13392E-005 0 0 0.0964678 0.0962439 
495000 0.00022308 0.0961418 2.1225E-005 0 0 0.0963861 0.096163 
496000 0.000222181 0.096061 2.11107E-005 0 0 0.0963043 0.0960822 
497000 0.000221281 0.0959802 2.09965E-005 0 0 0.0962226 0.0960013 
498000 0.000220382 0.0958995 2.08823E-005 0 0 0.0961408 0.0959204 
499000 0.000219483 0.0958187 2.07681E-005 0 0 0.0960591 0.0958396 
500000 0.000218597 0.0957384 2.06562E-005 0 0 0.0959778 0.0957592 
501000 0.000217748 0.0956594 2.05506E-005 0 0 0.0958978 0.09568 
502000 0.000216899 0.0955804 2.04451E-005 0 0 0.0958179 0.0956009 
503000 0.000216051 0.0955014 2.03395E-005 0 0 0.0957379 0.0955218 
504000 0.000215202 0.0954224 2.0234E-005 0 0 0.095658 0.0954427 
505000 0.000214353 0.0953434 2.01284E-005 0 0 0.095578 0.0953636 
506000 0.000213504 0.0952644 2.00229E-005 0 0 0.0954981 0.0952845 
507000 0.000212656 0.0951854 1.99173E-005 0 0 0.0954181 0.0952054 
508000 0.000211807 0.0951064 1.98118E-005 0 0 0.0953382 0.0951263 
509000 0.000210958 0.0950274 1.97062E-005 0 0 0.0952582 0.0950472 
510000 0.000210109 0.0949484 1.96007E-005 0 0 0.0951783 0.0949681 
511000 0.000209261 0.0948694 1.94951E-005 0 0 0.0950983 0.094889 
512000 0.000208412 0.0947903 1.93896E-005 0 0 0.0950184 0.0948099 
